Entry	Sam_16S_01	Sam_16S_02	Sam_16S_03	Sam_16S_04	Sam_16S_05	Sam_16S_06	Sam_16S_07	Sam_16S_08	Sam_16S_09	Sam_16S_10	Sam_16S_11	Sam_16S_12	Sam_16S_13	Sam_16S_14	Sam_16S_15	Sam_16S_16	Sam_16S_17	Sam_16S_18	Sam_16S_19	Sam_16S_20	Sam_16S_21	Sam_16S_22	Sam_16S_23	Sam_16S_24	Sam_16S_25	Sam_16S_26
OTU1	13347	3519	49	10	5003	13	8715	51093	2	1	3644	1209	7	46845	2	2	15685	23779	34	6	3255	18	40917	3407	2488	22
OTU10	44	218	851	3	472	0	601	667	0	0	43	29	0	20276	0	0	4004	1249	892	2	539	0	0	646	49	0
OTU100	0	12	0	144	0	0	0	0	0	0	0	0	0	0	0	0	0	0	0	49	0	0	0	0	0	0
OTU101	0	0	0	3	0	0	0	0	0	0	0	0	0	0	0	0	0	0	0	2	146	0	0	0	0	0
OTU102	46	1	0	0	26	78	0	0	0	0	0	0	0	0	0	0	0	0	0	0	48	41	0	0	0	0
OTU103	0	202	3	33	1	10	6	0	0	0	0	0	0	0	0	0	0	0	1	11	0	1	2	9	0	0
OTU104	2	73	0	30	53	97	0	0	0	0	4	0	0	0	0	0	1	4	0	34	211	64	0	0	0	0
OTU105	36	6	0	0	37	6	9	0	0	0	0	0	0	0	0	0	12	0	0	1	72	3	22	0	0	0
OTU106	7	1	0	0	0	25	115	0	0	2	0	0	0	0	0	0	1	1	0	0	0	1	497	0	0	0
OTU107	5	52	0	12	13	29	1	0	0	0	0	0	0	0	1	0	0	1	0	4	79	6	0	0	0	0
OTU108	168	61	3	0	85	2	49	24	0	0	31	30	1	87	0	0	187	405	1	1	62	0	30	51	71	0
OTU109	0	28	0	3	11	3	0	0	0	0	0	0	0	0	0	0	0	0	0	1	55	0	0	0	0	0
OTU11	1	15	2	9725	84	179	6	11	0	0	4	1	4	0	0	0	0	0	2	9742	82	205	34	10	0	5
OTU110	0	0	0	0	0	0	0	0	0	0	0	0	45	0	0	0	0	0	0	0	0	0	0	0	0	85
OTU111	1	0	4	131	0	44	25	0	0	0	0	0	0	0	0	0	0	0	4	49	0	39	6	7	0	0
OTU112	0	132	0	0	0	3	0	0	0	0	0	0	0	0	0	0	0	0	0	0	0	0	0	0	0	0
OTU113	0	110	0	0	0	0	0	0	0	0	2	0	0	0	0	0	0	0	0	0	0	0	0	0	0	0
OTU114	2	1	0	0	2	0	60	2	0	0	0	0	0	0	0	0	1	0	0	0	17	0	64	0	0	0
OTU115	0	0	3	0	0	16	32	0	1	0	0	0	1	0	0	0	0	1	2	0	0	15	106	0	0	0
OTU116	4	18	0	10	25	5	0	0	0	0	8	0	0	0	0	0	0	0	0	7	60	2	0	0	0	0
OTU117	1	0	0	0	9	2	19	0	0	0	0	0	0	0	0	0	0	0	0	0	14	0	80	0	0	0
OTU118	0	0	0	0	0	0	70	0	0	0	0	0	0	0	0	0	0	0	0	0	0	0	232	0	0	0
OTU119	5	0	1	0	33	20	0	0	0	0	0	0	0	0	0	0	0	0	0	1	27	9	0	0	0	0
OTU12	1033	268	29	37	1905	3	1384	48	13109	1	301	1096	6	69	12726	2	404	65	24	51	4755	2	6644	467	2066	8
OTU120	0	79	0	0	0	0	0	0	0	0	0	0	0	0	0	0	0	0	0	0	0	0	0	0	0	0
OTU121	0	15	0	0	41	14	0	0	0	0	0	0	0	0	0	0	0	0	0	0	63	1	0	0	0	0
OTU122	0	1	0	0	0	0	11	0	0	0	0	0	0	0	0	0	0	0	0	0	0	1	59	0	0	0
OTU123	0	0	0	114	0	1	0	0	0	0	0	0	0	0	0	0	0	0	0	74	0	2	0	0	1	0
OTU124	0	144	0	714	14	3	1	0	0	0	0	0	0	0	0	0	0	0	1	609	6	0	0	0	0	0
OTU125	2	2	0	40	3	174	0	0	0	0	0	0	0	0	0	0	0	4	1	19	42	59	0	0	0	0
OTU126	0	1	0	48	4	4	0	0	0	0	0	0	0	0	0	0	0	0	0	28	5	1	0	0	0	0
OTU127	0	0	0	0	6	0	20	0	0	0	0	0	0	0	0	0	0	0	0	0	4	1	57	0	0	0
OTU128	42	1	0	0	9	90	22	0	0	0	0	0	0	0	0	0	6	0	0	0	37	32	66	0	0	0
OTU129	0	0	13	14	0	1	51	0	0	0	0	0	0	0	1	0	0	1	7	1	0	1	101	0	0	0
OTU13	1331	468	8	27	251	31	3445	1057	157	42	639	4764	97	1001	101	28	4272	303	8	13	522	28	14373	759	8629	153
OTU130	0	0	0	0	20	9	7	0	0	0	0	0	0	0	0	0	0	0	0	0	48	2	23	0	0	0
OTU131	0	0	13	0	0	23	40	0	0	0	0	0	0	0	0	0	0	0	4	0	0	26	146	9	0	0
OTU132	0	142	0	26	2	0	0	0	0	0	0	0	0	0	0	0	0	1	0	11	22	0	0	0	0	0
OTU133	0	108	0	19	34	7	0	0	0	0	0	0	0	0	0	0	0	0	0	7	55	2	0	0	0	0
OTU134	0	51	0	9	0	8	0	0	0	0	0	0	0	0	0	0	0	0	0	5	6	6	0	0	0	0
OTU135	0	0	0	0	0	1	13	0	0	0	0	0	1	0	0	0	0	0	0	0	0	0	50	0	1	0
OTU136	0	0	0	0	3	3	53	0	0	0	1	0	0	0	1	0	1	2	0	0	16	0	203	12	0	0
OTU137	3	4	0	1	159	23	42	0	0	0	0	2	0	0	0	0	1	0	1	2	17	13	61	8	1	0
OTU138	0	14	0	0	10	19	0	0	0	0	0	0	0	0	0	0	0	0	0	0	23	10	0	0	0	0
OTU139	0	34	0	20	1	2	0	0	0	0	0	0	0	0	0	0	0	0	0	26	0	2	0	0	0	0
OTU14	2	4	0	4422	14	20	1	0	0	0	6	0	0	0	0	0	1	0	0	6202	12	19	3	0	0	0
OTU140	0	0	0	49	0	0	0	0	0	0	0	0	0	0	0	0	0	0	1	6	0	2	4	0	0	0
OTU141	0	2	0	4	1	90	101	16	0	0	0	1	0	44	0	0	0	0	0	1	2	43	233	0	0	1
OTU142	0	64	0	2	0	12	0	0	0	0	0	0	0	0	0	0	0	0	0	0	2	1	0	0	0	0
OTU143	0	6	3	0	115	82	21	0	0	0	0	0	0	0	0	0	0	0	0	0	204	55	52	6	0	0
OTU144	0	87	0	0	0	1	0	0	0	0	0	0	0	0	0	0	0	0	0	0	7	0	0	0	0	0
OTU145	0	78	0	0	0	3	0	0	0	0	0	0	0	0	0	0	0	0	0	0	0	2	0	0	0	0
OTU146	0	0	0	50	0	0	0	0	0	0	0	0	0	0	0	0	0	0	0	26	0	0	2	0	0	0
OTU147	1	35	1	0	13	26	0	0	0	0	0	0	0	0	0	0	0	1	0	0	52	10	0	0	0	0
OTU148	0	0	0	0	0	0	5	0	0	0	0	0	0	0	0	0	0	0	0	0	0	0	54	0	0	0
OTU149	1	0	0	84	1	1	1	0	0	0	0	0	0	0	0	0	0	0	0	53	0	0	0	0	0	0
OTU15	18	457	0	333	2723	57	10	0	0	1	10	2	1	0	0	0	6	6	1	244	5088	34	6	17	0	4
OTU150	0	38	0	4	0	0	0	0	0	0	0	0	0	0	0	0	0	0	0	0	20	0	0	0	0	0
OTU151	0	0	0	0	0	0	4	0	0	0	0	0	0	0	0	0	0	0	0	0	0	0	38	0	0	0
OTU152	5	13	0	0	3	0	7	7	0	0	0	24	0	0	0	0	8	1	0	1	1	2	82	0	65	3
OTU153	7	69	1	5	20	33	0	0	0	0	0	0	0	0	0	0	0	3	2	2	23	9	6	0	0	0
OTU154	0	2	0	0	0	43	0	0	0	0	0	0	0	0	0	0	0	0	0	0	1	21	0	0	0	0
OTU155	0	0	0	0	0	0	65	0	0	0	0	0	0	0	0	0	0	0	0	0	0	0	193	0	0	1
OTU156	0	50	0	104	1	0	0	0	0	0	0	0	0	0	0	0	0	0	0	114	0	0	0	0	0	0
OTU157	0	0	0	49	0	0	0	0	0	0	0	0	0	0	0	0	0	0	0	20	0	0	0	0	0	0
OTU158	0	0	0	0	3	8	0	0	0	0	0	0	0	0	0	0	0	0	0	3	48	3	0	0	0	0
OTU159	0	2	0	0	2	0	0	0	0	0	0	0	0	0	0	0	0	0	0	0	60	0	0	0	0	0
OTU16	0	0	0	1783	4	8169	13	1	0	0	30	0	1	0	0	0	0	0	0	225	0	5336	0	0	0	0
OTU160	3	17	66	139	7	6	31	1	2	552	3	0	0	0	0	683	0	0	37	64	9	3	10	27	1	1
OTU161	0	38	0	1	0	5	0	0	0	0	0	0	0	0	0	0	0	0	0	0	2	2	0	0	0	0
OTU162	0	4	1	92	0	1	9	0	0	0	0	0	0	0	0	2	0	0	1	139	0	1	18	0	0	0
OTU163	3	0	0	36	0	0	14	0	0	0	0	0	0	0	0	0	0	0	0	3	0	0	53	0	0	0
OTU164	0	34	0	1	0	0	0	0	0	0	0	0	0	0	0	0	0	0	0	0	0	0	0	0	0	0
OTU165	0	0	0	40	0	0	0	0	0	0	0	0	0	0	0	0	0	0	0	38	0	0	0	0	0	0
OTU166	0	2	0	4	16	117	3	0	3	2	4	0	0	0	4	1	0	0	0	0	8	56	10	0	0	0
OTU167	0	46	0	0	0	0	0	0	0	0	0	0	0	0	0	0	0	0	0	0	0	0	0	0	0	0
OTU168	0	11	0	3	16	1	0	0	0	0	0	0	0	0	0	0	0	0	0	3	20	0	0	0	0	0
OTU169	1	15	0	12	28	2	0	0	2	0	0	1	0	0	4	0	0	0	0	2	21	1	0	0	0	1
OTU17	0	1	0	8706	17	1130	1	2	0	0	1	0	0	0	0	0	0	0	0	4712	0	1585	2	0	1	0
OTU170	0	31	0	0	0	0	0	0	0	0	0	0	0	0	0	0	0	0	0	0	0	0	0	0	0	0
OTU171	0	44	0	9	1	10	0	0	0	0	0	0	0	0	0	0	0	0	1	3	1	7	2	13	0	0
OTU172	0	0	0	0	1	1	14	0	0	0	0	0	0	0	0	0	0	0	0	0	0	0	54	0	0	0
OTU173	0	4	11	534	0	0	6	0	3	474	0	0	0	0	3	244	0	0	22	343	0	0	5	2	0	0
OTU174	0	0	0	0	0	0	12	0	0	0	0	0	0	0	0	0	0	0	0	0	0	0	54	0	0	0
OTU175	4	1	0	0	2	24	1	0	0	0	2	0	0	0	0	0	0	0	0	2	0	7	0	0	0	0
OTU176	0	0	0	0	0	0	11	0	1	0	0	0	0	0	0	0	0	0	0	0	6	0	57	0	0	0
OTU177	0	0	0	0	0	0	2	0	0	0	0	0	0	0	0	0	0	0	0	0	0	0	53	0	0	0
OTU178	0	0	0	0	0	6	7	0	0	0	0	0	0	0	0	0	0	0	0	0	0	2	39	0	0	0
OTU179	0	39	0	0	0	0	0	0	0	0	0	0	0	0	0	0	0	0	0	0	0	0	0	0	0	0
OTU18	4	87	93	3216	72	1350	422	12	4736	23	9	0	0	0	1690	0	1	7	100	1922	70	1315	1809	95	1	0
OTU180	0	0	0	0	5	0	4	0	0	0	0	0	0	0	0	0	0	0	0	0	14	0	11	0	0	0
OTU181	0	0	0	0	5	0	0	0	0	0	0	0	0	0	0	0	3	1	0	0	12	0	7	4	1	1
OTU182	29	159	0	1	15	11	799	196	118	9	207	1129	10	319	76	6	644	308	0	0	80	7	2941	151	1942	27
OTU183	5	43	0	0	15	3	0	0	0	0	0	0	0	0	0	0	0	0	0	0	25	1	0	0	0	0
OTU184	1	2	0	9	0	25	2	0	0	0	0	0	0	0	0	0	0	0	0	9	0	9	0	0	0	0
OTU185	0	5	0	0	4	5	0	0	0	0	0	0	0	0	0	0	0	0	0	0	20	3	0	0	0	0
OTU186	0	1	1	773	1	4	0	0	0	0	0	0	0	0	0	0	0	0	0	1252	2	8	0	0	0	2
OTU187	3	0	0	0	3	0	15	0	0	0	0	0	0	0	0	0	0	0	0	0	0	0	50	0	0	0
OTU188	14	4	2	42	0	4	1	0	0	0	0	0	0	0	0	0	0	0	1	15	0	3	3	0	0	0
OTU189	0	39	0	1	0	2	0	0	0	0	0	0	0	0	0	0	0	0	0	0	0	1	0	0	0	0
OTU19	5	70	0	37	565	7	0	0	0	0	0	0	0	0	0	0	0	0	0	6	2514	4	0	0	0	0
OTU190	0	107	0	0	0	24	0	0	0	0	0	0	0	0	0	0	0	0	0	2	0	9	0	0	0	0
OTU191	0	36	0	7	0	0	0	0	0	0	0	0	0	0	0	0	0	0	0	4	6	1	0	0	0	0
OTU192	0	0	0	0	0	0	12	0	0	0	0	2	0	0	0	0	0	0	0	0	0	0	19	0	0	0
OTU193	0	0	0	270	2	93	47	0	0	0	0	0	0	0	0	0	0	0	0	80	0	168	188	0	1	0
OTU194	0	2	0	0	0	0	12	0	1	0	0	0	0	0	0	0	0	0	0	0	0	0	52	0	0	0
OTU195	0	0	0	0	0	0	9	0	0	0	0	0	0	0	0	0	0	0	0	0	0	0	31	0	0	0
OTU196	0	27	0	0	0	0	0	0	0	0	0	0	0	0	0	0	0	0	0	0	2	1	0	0	0	0
OTU197	2	223	7	167	0	0	1	0	0	0	0	0	0	0	0	0	0	0	0	159	0	0	3	0	0	0
OTU198	1	0	0	0	13	0	0	0	0	0	0	0	0	0	0	0	0	0	0	0	16	0	0	0	0	0
OTU199	0	2	0	0	3	0	0	0	0	0	0	0	0	0	0	0	0	0	0	0	22	0	0	0	0	0
OTU2	5	1	46010	141	2	261	34147	402	14	0	580	0	0	0	10	0	0	0	42565	54	0	249	23	15685	0	7
OTU20	1694	135	23	35	3282	0	21	353	4	0	153	599	0	590	1	0	306	4505	7	32	1768	0	15	16	1162	0
OTU200	0	3	0	0	8	0	0	0	0	0	0	0	0	0	0	0	0	0	0	1	19	0	4	0	0	0
OTU201	26	4	6	1	4	0	1	0	0	0	0	0	0	0	0	0	1	1	4	0	40	1	16	2	0	0
OTU202	0	0	0	0	0	0	14	8	0	0	0	0	0	0	0	0	1	0	0	0	3	0	26	0	0	0
OTU203	0	33	0	5	0	2	0	0	0	0	0	0	0	0	0	0	0	0	0	3	9	0	0	0	0	0
OTU204	0	0	0	0	6	0	0	0	0	0	0	0	0	0	0	0	0	0	0	0	16	0	0	0	0	0
OTU205	0	0	0	0	0	0	0	0	0	0	0	0	0	28	0	0	0	0	0	0	0	0	3	0	0	0
OTU206	0	0	0	0	0	0	0	0	0	0	0	0	0	0	0	0	0	28	0	0	0	0	0	0	1	0
OTU207	0	0	0	0	0	0	4	0	0	0	0	0	0	0	0	0	0	0	0	0	0	0	42	0	0	0
OTU208	0	28	0	0	0	1	0	0	0	0	0	0	0	0	0	0	0	0	0	0	0	0	0	0	0	0
OTU209	45	2	0	0	15	0	0	0	0	0	16	15	0	0	0	0	61	1593	1	3	83	0	5	6	32	0
OTU21	0	0	10	25	0	136	9	0	301	0	0	0	1126	0	207	0	0	0	2	9	0	135	44	0	0	3143
OTU210	0	0	0	0	0	0	3	0	0	0	0	0	0	0	0	0	0	0	0	0	0	0	21	0	0	0
OTU211	1	0	0	0	4	42	0	0	0	0	0	0	0	0	0	0	0	0	0	0	29	70	1	0	0	0
OTU212	0	4	0	14	0	13	0	0	0	0	0	0	0	0	0	0	1	0	0	5	7	6	0	0	0	0
OTU213	1	0	0	10	0	7	6	0	0	0	0	0	0	0	0	0	0	0	2	6	10	3	5	0	0	0
OTU214	2	1	0	0	6	0	2	0	0	0	0	0	0	0	0	0	1	0	0	0	14	0	12	0	0	0
OTU215	0	0	0	0	7	1	5	0	0	0	5	0	0	0	0	0	0	0	0	0	17	0	14	0	0	0
OTU216	0	1	0	0	0	29	0	0	0	0	0	0	0	0	0	0	0	0	0	0	0	7	0	0	0	0
OTU217	2	1	0	0	0	2	0	0	0	0	0	0	0	0	0	0	20	0	0	0	0	0	0	3	0	0
OTU218	1	4	0	5	11	3	0	0	0	0	0	0	0	0	0	0	0	2	1	2	15	4	0	0	0	0
OTU219	0	35	0	0	5	0	0	0	0	0	0	0	0	0	0	0	0	0	0	0	14	0	0	0	0	0
OTU22	9	6	0	1	1	3319	10	0	140	0	25	0	8	0	89	0	0	0	0	0	0	2531	3	0	0	28
OTU220	2	0	0	1	2	0	0	0	0	0	0	0	0	0	0	0	0	0	0	0	31	0	0	0	0	0
OTU221	3	0	0	0	0	6	0	0	0	0	0	0	0	0	0	0	0	0	0	0	10	6	10	0	0	0
OTU222	0	2	0	0	4	2	5	0	0	0	0	0	0	0	0	0	0	0	0	0	14	0	39	0	0	0
OTU223	0	0	0	0	0	0	0	0	9	0	0	0	0	0	16	0	0	0	0	1	0	0	0	0	0	0
OTU224	0	2	4	0	0	0	1	0	0	0	0	0	0	0	0	0	0	0	0	0	0	1	2	17	0	0
OTU225	0	2	0	17	0	0	0	0	0	0	0	0	0	0	0	0	0	0	0	4	0	0	1	0	0	0
OTU226	0	0	0	28	0	0	1	0	0	0	0	0	0	0	0	0	0	0	0	12	0	0	1	0	0	0
OTU227	1	0	0	0	9	0	1	0	0	0	0	0	0	0	0	0	0	0	0	0	18	0	2	0	0	0
OTU228	0	0	0	406	4	933	5	0	0	0	0	0	0	0	0	0	0	0	0	137	0	831	0	0	0	0
OTU229	0	0	0	0	0	1	8	0	0	0	0	0	0	0	0	0	0	0	0	0	0	0	25	0	0	0
OTU23	821	2337	0	65	2203	0	1	0	0	0	33	95	0	0	0	0	1092	1431	0	75	1565	0	24	38	166	0
OTU230	0	0	0	25	0	0	0	0	0	0	0	0	0	0	0	0	0	0	0	18	0	0	0	0	0	0
OTU231	0	0	0	0	0	0	2	0	0	0	0	0	0	0	0	0	0	0	0	0	0	0	24	0	0	0
OTU232	0	0	0	0	0	0	1	0	0	0	0	0	0	0	0	0	0	0	0	0	0	1	20	0	0	0
OTU233	0	0	1	0	0	0	5	0	0	0	0	0	0	0	0	0	0	0	0	0	0	0	22	0	0	0
OTU234	0	0	0	1	0	0	6	0	0	0	0	0	0	0	0	0	0	0	0	0	0	0	26	0	2	0
OTU235	1	0	0	0	4	2	1	0	0	0	0	0	0	0	0	0	0	0	0	0	8	1	16	0	0	0
OTU236	0	0	13	6	0	11	0	0	1	0	0	2	0	0	0	0	1	0	7	2	8	5	0	0	0	0
OTU237	0	0	0	0	6	0	0	0	0	0	0	0	0	0	0	0	0	0	0	0	17	0	0	0	0	0
OTU238	5	2	0	0	10	0	0	0	0	0	0	0	0	0	0	0	7	1	0	0	25	0	1	0	0	0
OTU239	0	2	14	0	0	1	0	0	0	0	0	0	0	0	0	0	0	1	12	0	0	0	0	0	0	0
OTU24	2269	699	19	17	606	313	25	0	0	0	21	0	0	0	0	0	8	26	9	10	2517	137	27	8	0	0
OTU240	0	0	0	0	17	0	0	0	0	0	0	0	0	0	0	0	0	0	0	0	6	0	0	0	0	0
OTU241	0	0	0	0	0	0	0	0	0	0	0	0	0	0	0	0	0	0	0	0	0	0	30	0	0	0
OTU242	0	0	0	0	0	0	9	0	0	0	0	0	0	0	0	0	0	0	0	0	0	0	34	0	0	0
OTU243	0	0	1	0	0	0	10	0	0	0	0	0	0	0	0	0	0	1	0	0	0	0	19	0	0	0
OTU244	0	0	0	0	0	0	0	0	0	0	0	0	0	0	0	0	0	0	0	0	0	0	18	0	0	0
OTU245	0	17	0	2	2	0	0	0	0	0	0	0	0	0	0	0	0	0	0	0	0	0	0	0	0	0
OTU246	0	1	0	0	4	0	0	0	0	0	0	0	0	0	0	0	0	0	0	0	16	0	0	0	0	0
OTU247	0	5	0	16	1	1	0	0	0	0	1	0	0	0	0	0	0	0	0	11	3	0	0	0	0	0
OTU248	7	41	11	33	1	25	5	0	0	53	0	0	0	0	0	40	1	0	7	20	18	17	3	0	0	0
OTU249	0	17	0	0	0	1	0	0	0	0	0	0	0	0	0	0	0	0	0	0	2	0	0	0	0	0
OTU25	412	1739	18	231	538	38	7	0	0	0	0	0	0	0	1	0	0	10	4	172	2191	26	17	0	0	0
OTU250	1	1	2	6	6	1	5	0	8	0	0	0	1	0	9	0	0	0	0	5	16	5	11	0	0	1
OTU251	0	0	0	277	0	0	0	0	0	0	0	0	0	0	0	0	0	0	0	260	1	0	1	0	0	0
OTU252	0	0	0	0	0	22	0	0	0	0	0	0	0	0	0	0	0	0	0	0	0	15	0	0	0	1
OTU253	0	0	0	0	0	14	0	0	0	0	0	0	0	0	0	0	0	0	0	0	2	2	0	0	0	0
OTU254	0	0	0	0	0	0	10	0	0	0	0	0	0	0	0	0	0	0	0	0	0	0	35	0	0	0
OTU255	0	0	0	0	0	0	0	0	0	0	0	0	0	0	0	0	0	0	0	0	0	0	21	0	0	0
OTU256	0	0	0	0	1	0	5	0	0	0	0	0	0	0	0	0	1	0	0	0	0	0	17	0	0	0
OTU257	185	3	0	8	15	2	13	9	0	2	0	4	0	5	0	2	20	0	0	23	41	0	41	1	6	0
OTU258	0	14	0	0	0	0	0	0	0	0	0	0	0	0	0	0	0	0	0	0	0	0	0	0	0	0
OTU259	0	3	0	7	1	2	1	0	0	0	0	0	0	0	0	0	0	0	0	11	0	0	1	0	0	0
OTU26	2	3	0	23	0	4686	9	5	45	0	40	1	117	0	23	0	0	0	0	4	3	2420	32	0	2	88
OTU260	12	0	13	0	0	4	5	0	0	7	0	0	0	0	0	3	3	0	6	0	0	4	0	0	0	0
OTU261	0	1	0	16	11	0	0	0	0	0	0	0	0	0	0	0	0	0	0	6	17	0	0	0	0	0
OTU262	0	2	0	1	94	0	3	0	0	0	4	0	0	0	0	0	0	1	1	1	199	0	0	0	0	0
OTU263	0	0	0	0	0	0	9	0	0	0	0	0	0	0	0	0	0	0	0	0	0	0	17	0	0	0
OTU264	0	0	0	0	0	0	6	0	0	0	0	0	0	0	0	0	0	0	0	0	1	0	19	0	0	0
OTU265	0	0	0	0	0	0	0	0	0	0	0	1	1	20	0	1	0	1	0	0	10	0	0	4	0	2
OTU266	6	1	0	3	20	33	4	3	0	0	0	0	0	0	0	0	0	1	2	1	35	14	28	0	0	0
OTU267	0	0	0	0	0	0	0	0	0	0	0	0	0	0	0	0	0	0	0	0	0	0	12	0	0	0
OTU268	0	0	0	0	0	0	4	0	0	0	0	0	0	0	0	0	0	0	0	0	0	0	27	0	0	0
OTU269	19	0	0	0	0	0	0	0	0	0	0	0	0	0	0	0	0	0	0	0	0	0	0	0	0	0
OTU27	6	1	2	0	17	5	709	0	2	0	1	0	0	0	0	0	4	0	0	0	80	1	1634	3	1	0
OTU270	0	17	0	0	4	2	0	0	0	0	0	0	0	0	0	0	0	0	0	0	6	0	0	0	0	0
OTU271	0	15	0	1	0	3	0	0	0	0	0	0	0	0	0	0	0	0	0	0	0	2	1	0	0	0
OTU272	0	12	0	0	0	0	0	0	0	0	0	0	0	0	0	0	0	0	0	0	0	0	0	0	0	0
OTU273	0	15	0	16	0	6	0	0	0	0	1	0	0	0	0	0	0	0	0	12	0	6	0	0	0	0
OTU274	0	0	0	0	5	0	0	0	0	0	0	0	0	0	0	0	0	0	0	0	9	0	0	0	0	0
OTU275	0	0	0	0	1	0	5	0	0	0	0	0	0	0	0	0	1	0	0	0	7	0	36	0	0	0
OTU276	0	27	0	0	2	3	0	0	0	0	0	0	0	0	0	0	0	0	0	1	17	0	0	0	0	0
OTU277	0	0	0	0	0	0	0	0	1	0	0	9	0	0	0	0	0	2	0	0	0	0	0	0	8	0
OTU278	0	0	0	0	0	0	0	0	0	0	0	0	0	0	0	0	1	10	0	1	0	0	0	0	0	0
OTU279	0	0	0	0	0	0	0	0	0	0	0	0	0	0	0	0	0	0	0	0	15	0	0	0	0	0
OTU28	70	262	0	0	1245	0	0	0	0	0	0	12	0	0	0	0	99	42	0	0	681	0	0	0	25	0
OTU280	0	0	0	0	0	0	0	0	0	0	0	0	0	0	0	0	0	0	0	0	0	0	13	0	0	0
OTU281	0	0	0	0	0	0	0	0	0	0	0	0	0	0	0	0	0	0	0	0	0	0	14	0	0	0
OTU282	0	0	0	0	0	0	2	0	0	0	0	0	0	0	0	0	0	0	0	0	0	0	28	0	0	0
OTU283	0	0	0	0	0	0	1	0	0	0	0	0	0	0	0	0	0	0	0	0	0	0	13	0	0	0
OTU284	0	1	0	0	0	0	0	0	0	0	0	0	0	0	0	1	0	0	0	0	0	0	0	1	5	2
OTU285	2	1	3	1	0	4	10	0	0	0	0	0	0	0	0	0	0	0	1	0	0	1	13	1	0	0
OTU286	0	4	6	1	6	4	5	0	0	0	3	0	0	0	0	0	0	12	2	0	0	2	8	0	0	0
OTU287	4	4	0	16	0	10	0	0	0	0	0	0	0	0	0	0	0	0	0	18	5	7	0	0	0	0
OTU288	0	0	1	3	0	5	2	0	0	0	0	0	0	0	0	0	0	0	0	3	1	8	0	0	0	0
OTU289	0	0	0	10	1	0	0	0	0	0	0	0	0	0	0	0	0	0	0	10	0	0	0	0	0	0
OTU29	14	67	3	1	137	198	5	0	0	0	0	0	0	0	0	0	1	1	0	0	813	46	24	1	0	0
OTU290	18	9	4	4	5	17	24	0	0	0	2	0	0	0	0	0	1	8	2	1	15	6	38	0	0	0
OTU291	0	0	0	0	0	0	14	0	0	0	1	0	0	0	0	0	0	0	0	0	0	0	28	0	0	0
OTU292	27	21	18	174	53	26	27	0	4020	2247	0	0	1	0	3382	2804	5	0	26	186	161	45	67	4	1	2
OTU293	10	11	0	0	11	5	241	487	17	6	1	477	32	2065	7	2	1356	12	3	0	41	4	895	0	816	44
OTU294	0	0	0	0	0	0	0	0	0	0	0	0	0	0	0	0	0	31	0	1	0	0	0	0	0	0
OTU295	0	0	0	0	0	0	5	0	0	0	0	0	0	0	0	0	0	0	0	0	0	0	36	0	0	0
OTU296	0	0	0	0	0	0	0	0	0	0	0	0	0	0	0	0	0	0	0	0	0	0	14	0	0	0
OTU297	0	0	0	0	0	0	8	0	0	0	0	0	0	0	0	0	0	0	0	0	0	0	11	0	0	0
OTU298	0	0	0	0	0	0	0	0	0	0	0	0	0	0	0	0	0	0	0	0	0	0	15	0	0	0
OTU299	0	0	0	0	0	0	4	0	1	0	0	0	0	0	1	0	0	0	0	0	0	0	12	0	0	0
OTU3	27158	16217	2	955	28632	0	218	16144	2903	0	34704	18590	11	13080	1544	0	36117	22188	1	502	42747	0	1407	36256	30779	30
OTU30	15	28	9	1085	31	80	27	5	5	0	1	0	34	0	1	0	2	1	2	945	45	90	82	0	4	120
OTU300	3	0	1	0	0	3	34	0	0	54	0	0	0	0	0	36	4	1	0	0	0	2	133	2	0	0
OTU301	0	0	0	20	0	0	0	0	0	0	0	0	0	0	0	0	0	0	0	8	0	0	0	0	0	0
OTU302	0	4	0	44	10	0	0	0	0	0	0	0	0	0	0	0	0	0	0	9	11	0	0	0	0	0
OTU303	0	0	0	0	5	8	5	0	0	0	4	0	0	0	0	0	1	0	0	0	16	2	8	3	0	0
OTU304	0	0	0	0	0	0	3	0	0	0	0	0	0	0	0	0	0	0	0	0	0	0	12	0	0	0
OTU305	1	0	0	0	0	0	3	0	0	0	0	0	0	0	0	0	0	0	0	0	0	1	28	0	0	0
OTU306	27	26	0	0	0	0	0	10	0	0	0	0	0	0	0	0	0	2	0	0	0	0	0	0	0	0
OTU307	0	0	0	0	0	0	0	0	0	0	10	0	0	0	0	0	0	0	0	0	0	0	0	0	0	0
OTU308	0	0	0	0	0	0	0	0	0	0	0	0	0	12	0	0	0	0	0	0	0	0	0	0	0	0
OTU309	1	0	0	0	2	0	5	0	0	0	0	0	0	0	0	0	0	0	0	0	26	0	11	0	0	0
OTU31	0	0	0	0	0	1284	2	0	0	0	1	0	0	0	0	0	0	0	0	0	0	619	16	0	0	0
OTU310	0	1	1	0	0	0	8	0	0	0	0	0	0	0	0	0	0	0	0	0	0	0	11	0	7	0
OTU311	1	0	0	0	0	0	0	0	0	0	0	0	0	0	0	0	0	0	0	0	0	0	10	0	0	0
OTU312	0	0	0	0	0	0	4	0	0	0	0	0	0	0	0	0	0	0	0	0	0	0	14	0	0	0
OTU313	0	0	0	0	0	0	0	0	0	0	0	0	0	0	0	0	0	0	0	0	0	0	11	0	0	0
OTU314	0	0	0	0	0	0	0	0	0	0	0	0	0	0	0	0	0	0	0	0	0	0	15	0	0	0
OTU315	0	0	0	0	0	0	3	0	0	0	0	0	0	0	0	0	0	0	0	0	0	0	14	0	0	0
OTU316	0	0	0	0	0	0	0	0	0	0	0	0	0	0	0	0	0	0	0	0	0	0	0	12	0	0
OTU317	0	12	0	0	0	0	0	0	0	0	0	0	0	0	0	0	0	0	0	0	0	0	0	0	0	0
OTU318	0	16	0	0	0	0	0	0	0	0	0	0	0	0	0	0	0	0	0	0	0	0	0	0	0	0
OTU319	0	2	0	0	0	3	0	0	0	0	0	0	0	0	0	0	0	0	0	0	0	4	0	0	0	0
OTU32	13	41	0	61	353	74	20	0	0	0	11	0	1	0	0	0	0	8	0	57	867	35	36	0	0	3
OTU320	0	0	0	1	10	1	0	0	0	0	0	0	0	0	0	0	0	0	0	0	19	0	0	0	0	0
OTU321	0	1	0	0	1	0	0	0	0	0	0	0	0	0	0	0	0	0	0	0	8	0	0	0	0	0
OTU322	0	3	0	60	0	2022	4	0	0	0	4	0	7	0	0	0	0	0	0	9	0	1310	0	0	0	1
OTU323	1	0	0	0	0	0	2	0	0	0	0	0	0	0	0	0	0	0	0	0	0	1	10	0	0	0
OTU324	0	0	0	0	0	0	4	0	0	0	0	0	0	0	0	0	0	0	0	0	0	0	8	0	0	0
OTU325	0	0	0	2	0	1	2	0	0	0	0	1	0	8	0	0	0	0	0	5	0	0	0	4	0	0
OTU326	0	0	0	0	0	0	0	10	0	0	0	0	0	0	0	0	0	0	0	0	0	0	0	0	0	0
OTU327	0	0	0	0	0	0	0	0	0	0	0	0	0	11	0	0	0	0	0	0	0	0	0	0	0	0
OTU328	0	0	0	0	0	0	0	0	0	0	0	0	0	9	0	0	0	0	0	0	0	0	0	0	0	0
OTU329	0	0	0	0	0	0	0	0	0	0	0	0	0	0	0	0	0	0	0	0	0	0	10	0	0	0
OTU33	0	1	0	3	0	526	40	0	0	0	0	0	0	0	0	0	0	0	0	2	1	635	85	0	0	0
OTU330	0	0	0	0	0	0	0	0	0	0	0	0	0	0	0	0	0	0	0	0	12	0	11	0	0	0
OTU331	0	0	0	0	0	0	5	0	0	0	0	0	0	0	0	0	0	0	0	0	0	0	11	0	0	0
OTU332	0	1	0	0	0	0	1	0	0	1	0	2	0	3	0	0	0	0	0	0	3	0	14	8	0	0
OTU333	0	0	0	0	0	0	0	0	0	0	0	0	0	0	0	0	0	0	0	0	0	0	0	9	0	0
OTU334	10	0	0	0	4	0	0	0	0	0	0	0	0	0	0	0	0	0	0	0	0	0	2	0	0	0
OTU335	113	13	5	10	14	136	5	0	5	1981	0	0	1	0	0	1240	3	1	2	2	41	71	21	0	3	4
OTU336	0	2	0	0	0	0	0	0	0	0	0	0	0	0	0	1	0	1	0	0	2	0	0	0	1	0
OTU337	0	9	0	0	3	0	0	0	0	0	0	0	0	0	0	0	0	0	0	0	0	0	0	0	0	0
OTU338	0	5	0	0	0	0	0	0	0	0	0	0	0	0	0	0	0	0	0	0	7	0	0	0	0	0
OTU339	0	8	0	0	0	5	0	0	0	0	0	0	0	0	0	0	0	0	0	0	2	0	0	0	0	0
OTU34	4	28	0	16	122	36	11	0	0	0	0	0	0	0	0	0	1	3	0	16	703	28	3	0	0	0
OTU340	0	16	0	2	0	0	0	0	0	0	0	0	0	0	0	0	0	0	0	1	0	0	0	0	0	0
OTU341	0	0	0	23	0	0	0	0	0	0	0	0	0	0	0	0	0	0	0	10	0	0	0	0	0	0
OTU342	0	0	2	17	0	0	1	0	0	0	0	0	0	0	0	0	0	0	2	3	0	1	0	0	0	0
OTU343	0	0	0	15	0	0	0	0	0	0	0	0	0	0	0	0	0	0	0	18	0	0	0	0	0	0
OTU344	0	0	0	3	0	14	0	0	0	0	0	0	0	0	0	0	0	0	0	1	0	3	0	0	0	0
OTU345	0	14	0	8	6	37	0	0	0	0	0	0	0	0	0	0	0	0	0	11	2	16	0	0	0	0
OTU346	0	1	1	1	8	4	1	0	0	0	0	0	0	0	0	0	0	0	1	0	10	1	0	0	0	0
OTU347	4	4	0	1	29	4	2	0	0	0	1	0	0	0	0	0	0	1	0	3	55	5	2	0	0	0
OTU348	0	0	0	0	0	0	4	0	0	0	0	0	0	0	1	0	0	0	0	0	0	0	14	0	0	0
OTU349	0	0	0	0	1	3	4	0	0	0	5	0	1	0	0	0	0	1	0	0	6	1	1	0	0	0
OTU35	2	199	1	201	4	38	137	0	1	0	0	0	0	0	2	0	0	3	4	134	298	9	627	12	0	0
OTU350	0	0	0	0	1	0	0	0	0	0	0	0	0	8	0	0	0	0	0	0	0	0	1	0	0	0
OTU351	0	0	0	0	3	0	2	0	0	0	0	0	0	0	0	0	0	0	0	0	10	0	0	0	0	0
OTU352	0	0	0	0	0	0	0	0	0	0	0	0	0	0	0	0	0	0	0	0	10	0	0	0	0	0
OTU353	1	0	0	0	6	5	3	0	0	0	3	0	0	0	0	0	0	0	0	0	9	2	19	0	0	0
OTU354	0	0	0	0	0	0	3	0	0	0	0	0	0	0	0	0	0	0	0	0	0	0	21	0	0	0
OTU355	0	0	0	0	0	0	1	0	0	0	0	0	0	0	0	0	0	0	0	0	0	0	11	0	0	0
OTU356	0	0	0	0	0	0	3	0	0	0	0	0	0	0	0	0	0	0	0	0	0	0	20	0	2	0
OTU357	0	0	0	0	0	0	2	0	0	0	0	0	0	0	0	0	0	0	0	0	0	0	16	0	0	0
OTU358	0	0	0	0	0	0	0	0	0	0	0	0	0	0	0	0	0	0	0	0	0	0	10	0	0	0
OTU359	0	0	0	0	0	0	3	0	0	0	0	0	0	0	0	0	0	0	0	0	0	0	10	0	0	0
OTU36	687	649	269	1223	343	515	546	6	27853	15583	8	3	2	15	22223	14683	110	1	208	1376	1825	283	733	201	3	4
OTU360	0	0	0	0	0	0	0	0	0	0	0	0	0	0	0	0	0	0	0	0	0	0	9	0	0	0
OTU361	0	0	0	0	0	0	0	0	0	0	0	0	0	0	0	0	0	0	0	0	0	0	8	0	0	0
OTU362	0	0	0	0	0	0	5	0	0	0	0	0	0	0	0	0	0	1	0	0	0	0	14	0	0	0
OTU363	0	0	0	0	0	0	2	0	0	0	0	0	0	0	0	0	0	0	0	0	0	0	23	0	0	0
OTU364	0	0	0	0	0	0	2	0	0	0	0	0	0	0	0	0	0	0	0	0	0	0	9	0	0	0
OTU365	0	0	0	0	0	0	0	0	0	0	0	0	0	0	0	0	0	0	0	0	0	0	0	9	0	0
OTU366	8050	7	0	0	25	0	2	0	0	0	4	103	0	4	0	0	19	965	0	1	15	0	22	0	184	0
OTU367	2	0	0	0	2	0	0	0	0	0	0	0	0	0	0	0	0	0	0	0	3	0	0	0	0	0
OTU368	0	18	0	0	0	1	0	0	0	0	0	0	0	0	0	0	0	0	0	0	0	1	0	0	0	0
OTU369	0	11	0	0	0	0	0	0	0	0	0	0	0	0	0	0	0	0	0	0	0	0	0	0	0	0
OTU37	2	15	0	1005	10	28	1	3	0	0	0	0	0	0	0	0	0	0	0	1621	1	30	1	0	0	0
OTU370	0	6	0	0	0	0	0	0	0	0	0	0	0	0	0	0	0	0	0	0	0	0	0	0	0	0
OTU371	0	0	0	4	0	0	0	0	0	0	0	0	0	0	0	0	0	0	0	7	0	0	0	0	0	0
OTU372	0	0	0	7	0	0	0	0	0	0	0	0	0	0	0	0	0	0	0	2	0	0	0	0	0	0
OTU373	0	0	0	5	0	0	0	0	0	0	0	0	0	0	0	0	0	0	0	2	0	0	0	0	0	0
OTU374	0	4	1	1	25	2	0	0	0	0	0	0	0	0	0	0	0	0	1	0	60	3	0	0	0	0
OTU375	3	0	0	0	6	0	0	0	0	0	0	0	0	0	0	0	0	0	0	0	6	0	0	0	0	0
OTU376	0	0	0	0	5	1	1	0	0	0	0	0	0	0	0	0	0	0	0	0	24	0	0	0	0	0
OTU377	0	8	0	0	0	26	0	0	0	0	0	0	0	0	0	0	0	0	0	0	2	9	0	0	0	0
OTU378	0	0	0	0	0	3	0	0	0	0	0	0	0	0	0	0	0	0	0	0	0	3	0	0	0	0
OTU379	0	1	0	0	0	12	0	0	0	0	0	0	0	0	0	0	0	0	0	0	0	4	0	0	0	0
OTU38	1	1	3	870	12	1	2	0	7	0	0	0	1	0	6	0	0	0	4	596	5	2	0	12	0	0
OTU380	0	0	0	0	0	0	6	0	0	0	0	0	0	0	0	0	0	0	0	0	0	0	0	0	0	0
OTU381	55	0	0	0	20	1	84	0	0	0	4	0	1	0	0	0	9	3	0	0	76	0	286	11	1	0
OTU382	0	0	0	0	0	0	0	0	8	0	0	0	0	0	4	0	0	0	0	0	0	0	0	0	0	0
OTU383	1	0	0	0	0	0	0	0	0	0	0	1	0	0	0	0	0	0	0	0	0	0	0	0	1	6
OTU384	0	0	0	0	0	0	0	0	0	0	0	1	1	0	0	0	0	0	0	0	0	0	0	0	0	6
OTU385	3	0	0	0	5	0	3	0	239	0	0	1	0	0	309	0	1	0	0	1	14	0	22	0	1	0
OTU386	0	0	0	0	0	0	0	0	0	0	0	0	0	0	0	0	0	0	0	0	6	0	0	0	0	0
OTU387	0	0	0	0	0	0	1	0	0	0	0	0	0	0	0	0	0	0	0	0	0	0	10	0	0	0
OTU388	0	0	0	0	0	0	1	0	0	0	0	0	0	0	0	0	0	0	0	0	0	0	7	0	0	0
OTU389	0	0	0	0	0	0	14	0	0	0	0	0	0	0	0	0	0	0	0	0	0	0	43	0	0	0
OTU39	0	533	0	9	1	0	0	0	0	0	0	0	0	0	0	0	0	0	0	4	151	0	0	0	0	0
OTU390	0	0	0	0	1	0	0	0	0	0	0	0	0	0	0	0	0	0	0	0	0	0	7	0	0	0
OTU391	0	0	0	0	0	0	0	0	0	0	0	0	0	0	0	0	0	0	0	0	0	0	15	0	0	0
OTU392	0	0	0	0	0	0	0	0	0	0	0	0	0	0	0	0	0	1	0	0	0	0	11	0	0	0
OTU393	0	0	0	0	0	0	4	0	0	0	0	0	0	0	0	0	0	0	0	0	0	0	11	0	0	0
OTU394	0	0	0	0	0	0	0	0	0	0	0	0	0	0	0	0	0	0	0	0	0	0	6	0	0	0
OTU395	1	0	1	1	0	5	3	0	3	0	0	0	0	0	3	0	0	0	0	1	16	2	30	0	0	0
OTU396	0	0	0	0	0	0	0	0	0	0	0	0	0	0	0	0	0	0	0	0	0	0	6	0	0	0
OTU397	0	0	0	0	0	0	0	0	0	0	0	0	0	0	0	0	0	0	0	0	0	0	6	0	0	0
OTU398	0	0	0	0	0	0	0	0	0	0	0	0	0	0	0	0	0	0	0	0	0	0	9	0	0	0
OTU399	0	0	0	0	0	0	0	0	0	0	0	0	0	0	0	0	0	0	0	0	1	0	15	0	0	0
OTU4	136	270	181	9434	592	301	1475	0	1061	64107	7	142	33958	0	894	74098	68	5	144	7207	1443	247	4444	6	254	51707
OTU40	1	11	3	793	4	85	12	0	0	0	0	0	3	0	0	0	0	0	2	259	4	41	32	6	0	0
OTU400	0	0	0	0	4	0	0	0	0	0	0	0	0	0	0	0	0	0	0	0	0	0	10	0	0	0
OTU401	10	0	0	0	0	0	0	0	0	0	0	0	0	0	0	0	0	0	0	0	0	0	0	0	0	0
OTU402	1	0	0	0	1	0	0	0	0	0	0	0	0	0	0	0	0	0	0	0	4	0	8	0	0	0
OTU403	0	7	0	4	0	0	0	0	0	0	0	0	0	0	0	0	0	0	0	1	0	0	0	0	0	0
OTU404	0	8	0	0	0	0	0	0	0	0	0	0	0	0	0	0	0	0	0	1	0	0	0	0	0	0
OTU405	0	7	5	1	0	0	0	0	0	0	0	0	0	0	0	0	0	0	0	1	0	0	0	7	0	0
OTU406	0	10	0	0	0	0	0	0	0	0	0	0	0	0	0	0	0	0	0	0	0	0	0	0	0	0
OTU407	1	16	0	0	0	1	0	0	0	0	0	0	0	0	0	0	0	0	0	0	2	0	1	0	0	0
OTU408	0	0	0	3	0	0	0	0	0	0	0	0	0	0	0	0	0	0	0	8	0	0	0	0	0	0
OTU409	0	0	0	13	0	0	0	0	0	0	0	0	0	0	0	0	0	0	0	4	0	0	0	0	0	0
OTU41	2	19	0	0	555	0	1	0	0	4	0	0	1	0	0	5	1	0	0	2	94	0	0	0	0	0
OTU410	0	0	0	6	0	0	0	0	0	0	0	0	0	0	0	0	0	0	0	3	0	0	0	0	0	0
OTU411	0	0	0	1	0	0	0	0	0	0	0	0	0	0	0	0	0	0	0	1	0	0	3	0	0	0
OTU412	1	0	0	0	7	0	0	0	0	0	0	0	0	0	0	0	0	0	0	0	3	0	0	0	0	0
OTU413	0	0	0	0	4	0	0	0	0	0	0	0	0	0	0	0	0	0	0	0	7	0	0	0	0	0
OTU414	0	0	0	0	0	0	2	0	0	0	0	0	0	0	0	0	0	0	0	0	0	0	4	0	0	0
OTU415	0	1	4	0	0	0	6	0	0	0	0	0	0	0	0	0	0	0	2	0	0	0	0	0	0	0
OTU416	0	0	0	0	0	0	6	0	0	0	0	0	0	0	0	0	0	0	0	0	0	0	0	0	0	0
OTU417	0	0	1	0	0	2	3	0	0	0	0	0	0	0	0	0	0	0	0	0	0	0	6	0	0	0
OTU418	0	0	1	0	2	3	14	0	0	0	0	0	0	0	0	0	0	0	0	0	0	0	65	0	0	0
OTU419	0	0	0	0	0	0	5	0	0	0	0	0	0	0	0	0	0	0	0	0	0	0	0	0	0	0
OTU42	16	6	7	55	20	244	42	0	1	0	1	0	0	0	2	0	1	2	18	62	541	185	135	30	0	0
OTU420	0	0	0	0	0	0	1	0	0	0	3	0	0	1	0	0	0	0	0	0	2	0	0	0	0	0
OTU421	2	0	0	4	2	1	4	0	0	0	0	0	0	0	0	0	0	0	0	0	11	0	7	0	0	0
OTU422	0	0	0	0	0	0	0	0	0	0	5	0	0	0	0	0	0	0	0	0	0	0	0	0	0	0
OTU423	0	0	0	0	0	0	0	0	0	0	5	0	0	0	0	0	0	0	0	0	0	0	0	0	0	0
OTU424	0	0	0	0	0	0	0	0	0	0	5	0	0	0	0	0	0	0	0	0	0	0	0	0	0	0
OTU425	0	0	0	0	0	0	0	0	0	0	5	0	0	0	0	0	0	0	0	0	0	0	0	0	0	0
OTU426	0	0	0	0	0	0	0	0	0	0	0	1	3	0	0	0	0	0	0	0	0	0	0	0	0	9
OTU427	0	0	0	0	0	0	0	0	0	0	0	0	0	6	0	0	0	0	0	0	0	0	0	0	0	0
OTU428	8	342	0	7	56	21	0	0	0	0	2	0	0	0	0	0	0	3	0	3	154	9	8	0	0	0
OTU429	3	1	0	0	0	0	0	0	0	0	0	0	0	0	0	0	0	0	0	0	7	0	0	0	0	0
OTU43	1	16	43	17	224	26	28	0	0	0	0	0	0	0	0	0	0	0	13	7	314	23	15	0	0	0
OTU430	0	0	0	0	0	0	0	0	0	0	0	0	0	0	0	0	0	0	0	0	8	0	0	0	0	0
OTU431	0	0	0	0	0	0	0	0	0	0	0	0	0	0	0	0	0	0	0	0	8	0	0	0	0	0
OTU432	0	0	0	0	0	0	0	0	0	0	0	0	0	0	0	0	0	0	0	0	5	0	0	0	0	0
OTU433	0	0	0	0	0	0	0	0	0	0	0	0	0	0	0	0	0	0	0	0	5	0	0	0	0	0
OTU434	0	0	0	0	0	0	1	0	0	0	0	0	0	0	0	0	0	0	0	0	9	0	5	0	0	0
OTU435	0	0	0	0	0	0	0	0	0	0	0	0	0	0	0	0	0	0	0	0	5	0	0	0	0	0
OTU436	0	0	0	4	0	0	0	0	0	0	0	0	0	0	0	0	0	0	0	1	7	0	0	0	0	0
OTU437	0	0	0	0	0	0	0	0	0	0	0	0	0	0	0	0	0	0	0	0	6	0	0	0	0	0
OTU438	0	11	0	0	5	18	0	0	0	0	0	0	0	0	0	0	0	0	0	0	48	4	2	0	0	0
OTU439	1	0	0	0	1	1	0	0	0	0	0	0	0	0	0	0	0	0	0	0	0	0	9	0	0	0
OTU44	63	44	6	2548	58	46	15	0	8	813	9	0	0	0	6	1323	17	0	10	2355	114	23	32	3	0	0
OTU440	0	0	0	0	0	0	0	0	0	0	0	0	0	0	0	0	0	0	0	0	0	0	5	0	0	0
OTU441	0	0	0	0	0	0	0	0	0	0	0	0	0	0	0	0	0	0	0	0	0	0	8	0	0	0
OTU442	0	8	0	6	0	3	0	0	0	0	0	0	0	0	0	0	0	0	0	3	0	0	6	0	0	0
OTU443	0	0	0	0	3	0	0	0	0	0	0	0	0	0	0	0	0	0	0	0	0	0	9	0	0	0
OTU444	0	0	0	0	0	0	0	0	0	0	0	0	0	0	0	0	0	0	0	0	0	0	6	0	0	0
OTU445	0	0	0	0	0	0	0	0	0	0	0	0	0	0	0	0	0	0	0	0	0	0	6	0	0	0
OTU446	0	0	0	0	0	4	0	0	0	0	0	0	0	0	0	0	0	0	0	0	0	1	17	0	0	0
OTU447	0	1	0	0	0	0	0	0	0	0	0	0	0	0	0	0	0	0	0	0	0	0	7	0	0	0
OTU448	0	0	0	0	0	0	4	0	0	0	0	0	0	0	0	0	0	0	0	0	0	0	9	0	0	0
OTU449	459	600	0	6	0	0	0	0	0	0	1	0	0	1	0	0	619	33	0	3	0	0	0	60	1	0
OTU45	5	2	1	0	76	1	24	0	448	1	3	0	0	0	231	0	10	3	1	0	60	0	104	0	1	0
OTU450	7	0	0	0	0	0	0	0	0	0	0	0	0	0	0	0	0	0	0	0	0	0	0	0	0	0
OTU451	5	0	0	0	2	0	0	0	0	0	0	0	0	0	0	0	0	0	0	0	4	0	0	0	0	0
OTU452	3202	315	20	51	2535	145	83	0	30	115	25	6	0	0	26	97	217	45	10	53	6664	44	376	43	37	2
OTU453	0	28	0	2	0	0	0	0	0	0	0	0	0	0	0	0	0	0	0	2	3	0	0	0	0	0
OTU454	1	2	0	0	2	0	0	0	0	0	0	0	0	0	0	0	0	0	0	0	0	0	0	0	0	0
OTU455	0	8	0	2	0	0	0	0	0	0	0	0	0	0	0	0	0	0	0	1	0	0	0	0	0	0
OTU456	0	0	2	0	0	0	0	0	0	0	0	0	0	0	0	0	0	0	8	0	0	0	0	0	0	0
OTU457	0	0	4	0	0	2	3	0	0	0	0	0	0	0	0	0	0	0	1	0	0	1	5	0	0	0
OTU458	3	1	0	260	5	75	7	2	0	0	0	0	0	0	0	0	0	2	0	401	0	41	9	0	1	1
OTU459	0	0	0	1	0	0	4	0	0	0	0	0	0	0	0	0	0	1	0	0	0	0	5	0	0	0
OTU46	8	109	0	67	5	0	73	0	0	0	0	0	0	0	0	0	0	0	0	9	6	0	650	0	0	0
OTU460	0	0	0	15	0	0	0	0	0	0	0	0	0	0	0	0	0	0	0	40	0	0	0	0	0	0
OTU461	0	0	0	3	0	1	0	0	0	0	0	0	0	0	0	0	0	0	0	3	0	2	0	0	0	0
OTU462	0	0	0	12	0	0	0	0	0	0	0	0	0	0	0	0	0	0	0	21	1	0	0	0	0	0
OTU463	0	1	0	11	0	0	0	0	0	0	0	0	0	0	0	0	0	0	0	10	0	2	0	0	0	0
OTU464	0	0	0	10	0	1	0	0	1	0	0	0	0	0	0	0	0	0	0	3	0	0	0	0	0	0
OTU465	0	0	0	1	0	0	0	0	0	0	0	0	0	0	0	0	0	0	0	4	0	0	0	0	0	0
OTU466	0	0	0	2	0	0	0	0	0	0	0	0	0	0	0	0	0	0	0	2	0	0	0	0	0	0
OTU467	0	0	0	0	4	0	0	0	0	0	0	0	0	0	0	0	0	0	0	0	0	0	0	0	0	0
OTU468	3	1	4	53	13	66	27	0	0	0	0	0	0	0	0	0	0	1	1	20	106	70	43	10	0	0
OTU469	2	1	0	0	3	0	0	0	0	0	0	0	0	0	0	0	0	0	0	0	3	0	0	0	0	1
OTU47	4	0	0	0	0	102	2	0	1259	0	0	0	10	0	1061	0	0	0	1	0	7	90	0	0	0	7
OTU470	0	0	0	0	4	0	0	0	0	0	0	0	0	0	0	0	0	0	0	0	6	0	0	0	0	0
OTU471	0	22	0	7	3	20	0	0	0	0	1	0	0	0	0	0	1	0	0	2	14	8	0	0	0	0
OTU472	3	4	0	4	16	2	1	0	0	0	0	0	0	0	0	0	1	0	0	3	26	2	7	0	0	0
OTU473	0	6	0	0	6	0	0	0	0	0	0	0	0	0	0	0	0	0	0	0	33	0	0	0	0	0
OTU474	0	11	0	0	6	1	0	0	0	0	0	0	0	0	0	0	0	0	0	2	57	0	0	0	0	0
OTU475	0	0	0	3	31	40	0	0	0	0	0	0	0	0	0	0	0	0	0	2	45	22	0	0	0	0
OTU476	0	0	0	0	0	4	0	0	0	0	0	0	0	0	0	0	0	0	0	0	0	2	0	0	0	0
OTU477	0	0	0	0	0	4	0	0	0	0	0	0	0	0	0	0	0	0	0	0	0	0	0	0	0	0
OTU478	2	0	1	0	0	5	1	0	0	1	2	0	0	0	0	0	0	0	0	0	5	1	3	1	0	0
OTU479	0	0	0	0	0	0	4	0	0	0	0	0	0	0	0	0	0	0	0	0	0	0	0	0	0	0
OTU48	0	68	0	0	367	4	0	0	0	0	0	0	0	0	0	0	0	0	0	0	522	2	0	0	0	0
OTU480	0	3	5	0	0	0	6	0	0	0	0	0	0	0	0	0	1	12	1	0	0	0	0	0	0	0
OTU481	0	0	0	0	0	0	11	0	0	0	0	0	0	0	0	0	0	0	0	0	0	0	16	0	0	0
OTU482	0	0	0	0	0	0	2	0	1	0	0	1	0	0	0	0	0	0	0	0	0	0	3	0	0	0
OTU483	3	0	0	0	0	0	8	0	0	0	0	0	0	0	0	0	0	1	0	0	0	0	52	0	0	0
OTU484	0	0	0	0	0	0	4	0	0	0	0	0	0	0	0	0	0	0	0	0	0	0	2	0	0	0
OTU485	0	0	0	0	0	0	4	0	0	0	0	0	0	0	0	0	0	0	0	0	0	0	1	0	0	0
OTU486	0	0	0	0	0	0	0	0	2	0	0	0	1	0	1	0	0	0	0	0	0	0	0	0	0	2
OTU487	0	0	0	0	0	0	0	0	0	0	7	0	0	0	0	0	0	0	0	0	0	0	0	0	0	0
OTU488	0	0	0	0	0	0	0	0	0	0	4	0	0	0	0	0	0	0	0	0	0	0	0	0	0	0
OTU489	0	0	0	0	0	0	0	0	0	0	0	1	0	0	0	0	0	0	0	0	0	1	0	0	3	0
OTU49	0	0	1	0	0	0	123	0	0	0	0	0	0	0	0	0	0	0	0	0	0	0	593	0	0	1
OTU490	4	8	0	0	0	0	3	3	3	0	0	189	1	25	2	0	78	5	0	0	0	0	5	0	267	2
OTU491	0	0	0	0	0	0	0	0	0	0	0	0	0	4	0	0	0	0	0	0	0	0	0	0	0	0
OTU492	0	10	0	0	0	0	11	7	0	0	0	40	0	31	0	0	353	7	0	0	1	0	93	0	136	1
OTU493	57	4	0	0	67	0	0	1	0	0	2	37	0	20	0	0	36	1254	0	2	68	0	0	0	104	0
OTU494	0	0	0	0	0	0	0	0	0	0	0	0	0	0	0	0	0	3	0	0	0	0	0	0	3	0
OTU495	0	0	0	0	3	0	0	0	0	0	0	0	0	0	0	0	0	1	0	0	6	0	0	0	0	0
OTU496	0	0	0	0	0	0	0	0	0	0	0	0	0	0	0	0	0	0	0	0	6	0	0	0	0	0
OTU497	0	0	0	0	0	0	0	0	0	0	0	0	0	0	0	0	0	0	0	0	11	0	0	0	0	0
OTU498	0	0	0	0	0	0	0	0	0	0	0	0	0	0	0	0	0	0	0	0	8	0	0	0	0	0
OTU499	1	0	0	0	3	0	1	0	0	0	0	0	0	0	0	0	1	0	0	0	9	0	3	0	0	0
OTU5	11702	40961	65	22	22205	0	125	8638	677	0	10066	19361	3	10521	198	0	9912	3428	77	12	27375	0	334	10434	20477	6
OTU50	0	310	0	149	39	20	0	0	0	0	0	0	0	0	0	0	0	0	0	77	54	7	0	0	0	0
OTU500	0	1	0	1	0	2	0	0	0	0	0	0	0	0	0	0	0	0	0	0	10	0	2	0	0	0
OTU501	0	0	0	0	0	0	0	0	0	0	0	0	0	0	0	0	0	0	0	0	5	2	0	0	0	0
OTU502	0	0	0	0	0	0	0	0	0	0	0	0	0	0	0	0	0	0	0	0	1	2	3	0	0	0
OTU503	0	0	0	0	0	0	0	0	0	0	0	0	0	0	0	0	0	0	0	0	0	0	5	0	0	0
OTU504	0	0	0	0	0	0	0	0	0	0	0	0	0	0	0	0	0	0	0	0	0	0	4	0	0	0
OTU505	0	0	0	0	0	1	0	0	0	0	0	0	0	0	0	0	0	0	1	0	0	0	9	0	0	0
OTU506	0	0	0	0	0	0	0	0	0	0	0	0	0	0	0	0	0	0	0	0	0	0	6	0	0	0
OTU507	0	0	0	0	0	0	0	0	0	0	0	0	0	0	0	0	0	0	0	0	0	0	4	0	0	0
OTU508	0	0	0	0	0	10	6	0	0	0	0	0	0	0	0	0	0	0	1	0	0	8	53	0	0	0
OTU509	0	0	0	0	0	0	1	0	0	0	0	0	0	0	0	0	0	0	0	0	0	0	5	0	0	0
OTU51	0	1	0	547	7	2	0	0	0	0	0	0	0	0	0	0	0	0	0	867	11	0	3	0	0	0
OTU510	0	0	0	0	0	0	1	0	0	0	0	0	0	0	0	0	0	0	0	0	0	0	5	0	1	0
OTU511	0	0	0	0	0	0	0	0	0	0	0	0	0	0	0	0	0	0	0	0	0	0	10	0	0	0
OTU512	0	0	0	0	0	0	0	0	0	0	0	0	0	0	0	0	0	0	0	0	0	0	4	0	0	0
OTU513	0	0	0	0	0	0	1	0	0	0	0	0	0	0	0	0	0	0	0	0	0	0	7	0	0	0
OTU514	0	3	0	0	2	0	2	0	0	0	0	0	0	0	1	0	0	0	0	0	4	0	16	0	0	1
OTU515	0	0	0	0	0	0	0	0	0	0	0	0	0	0	0	0	0	0	0	0	0	0	4	0	0	0
OTU516	4	6	0	0	8	29	0	0	0	0	0	0	0	0	0	0	3	1	0	0	7	15	0	0	0	0
OTU517	0	3	0	0	0	0	0	0	0	0	0	0	0	0	0	0	0	0	0	0	0	0	0	0	0	0
OTU518	0	2	1	0	0	0	0	0	0	0	0	0	0	0	0	0	0	0	0	0	0	0	0	0	0	0
OTU519	0	3	0	0	0	0	0	0	0	0	0	0	0	0	0	0	0	0	0	0	0	0	0	0	0	0
OTU52	0	597	0	94	0	3	0	0	0	0	0	0	0	0	0	0	0	0	0	72	73	0	0	0	0	0
OTU520	0	3	0	0	0	0	0	0	0	0	0	0	0	0	0	0	0	0	0	0	0	0	0	0	0	0
OTU521	0	3	0	0	0	0	0	0	0	0	0	0	0	0	0	0	0	0	0	0	0	0	0	0	0	0
OTU522	0	10	0	3	0	2	3	0	0	0	0	0	0	0	0	0	0	0	0	3	0	1	0	0	0	0
OTU523	0	3	0	0	0	0	0	0	0	0	0	0	0	0	0	0	0	0	0	0	0	0	0	0	0	0
OTU524	0	3	0	0	0	0	0	0	0	0	0	0	0	0	0	0	0	0	0	0	0	0	0	0	0	0
OTU525	0	0	4	2	0	0	0	0	0	0	0	0	0	0	0	0	0	0	0	0	0	0	0	0	0	0
OTU526	0	0	0	2	0	0	0	0	0	0	0	0	1	0	0	0	0	0	0	0	1	1	1	0	0	0
OTU527	0	0	0	3	0	0	0	0	0	0	0	0	0	0	0	0	0	0	0	0	0	0	0	0	0	0
OTU528	0	1	0	5	0	1	0	0	0	0	0	0	0	0	0	0	0	0	0	4	0	5	0	0	0	0
OTU529	0	0	0	4	0	0	0	0	0	0	0	0	0	0	0	0	0	0	0	3	0	0	0	0	0	0
OTU53	0	353	0	9	148	16	0	0	0	0	0	0	0	0	0	0	0	0	0	5	229	3	3	0	0	0
OTU530	0	2	0	5	0	1	0	0	0	0	0	0	0	0	0	0	0	0	0	8	2	2	0	0	0	0
OTU531	0	1	0	4	0	0	0	0	0	0	0	0	0	0	0	0	0	0	0	0	0	0	0	0	0	0
OTU532	0	0	0	4	1	0	0	0	0	0	0	0	0	0	0	0	0	0	0	0	0	0	0	0	0	0
OTU533	0	4	0	4	1	0	0	0	0	0	0	0	0	0	0	0	0	0	0	4	0	0	0	0	0	0
OTU534	0	0	0	2	0	0	0	0	0	0	0	0	0	0	0	0	0	0	0	1	0	0	0	0	0	0
OTU535	1	0	0	6	0	0	0	0	0	0	0	0	0	0	0	0	0	0	0	4	17	0	0	0	0	0
OTU536	0	0	0	1	1	0	0	0	0	0	0	0	0	0	0	0	0	0	0	0	3	0	0	0	0	0
OTU537	0	0	0	0	1	0	2	0	0	0	0	0	0	0	0	0	0	0	0	0	0	0	0	0	0	0
OTU538	0	0	0	0	3	0	0	0	0	0	0	0	0	0	0	0	0	0	0	0	0	0	0	0	0	0
OTU539	0	1	0	0	1	0	0	0	0	0	0	0	0	0	0	0	0	0	0	0	2	0	0	0	0	0
OTU54	0	0	0	0	0	0	0	0	0	0	275	2	0	0	0	0	0	0	0	0	0	0	0	383	1	0
OTU540	0	0	0	0	3	0	0	0	0	0	0	0	0	0	0	0	0	0	0	0	1	0	0	0	0	0
OTU541	0	0	0	8	0	12	0	0	0	0	0	0	0	0	0	0	0	0	0	14	0	19	0	0	0	0
OTU542	1	0	0	2	0	11	0	0	0	0	0	0	0	0	0	0	0	0	0	0	0	3	0	0	0	0
OTU543	1	0	1	0	0	9	2	0	0	0	3	0	0	0	0	0	0	0	1	0	0	5	0	0	0	0
OTU544	2	0	0	0	0	5	0	0	0	0	0	0	0	0	0	0	0	0	0	0	0	0	0	0	0	0
OTU545	0	0	0	0	0	5	0	0	0	0	0	0	0	0	0	0	0	0	0	0	0	1	0	0	0	0
OTU546	1	0	0	0	0	0	3	0	0	0	0	0	0	0	0	0	0	0	0	0	0	0	0	0	0	0
OTU547	0	0	0	0	0	0	3	0	0	0	0	0	0	0	0	0	0	0	0	0	4	0	0	0	0	0
OTU548	0	0	0	0	0	0	3	0	0	0	0	0	0	0	0	0	0	0	0	0	0	0	0	0	0	0
OTU549	0	0	0	0	0	0	3	0	0	0	0	0	0	0	0	0	0	0	0	0	0	0	0	0	0	0
OTU55	0	427	0	17	16	4	0	0	0	0	0	0	0	0	0	0	0	0	0	3	20	1	0	0	0	0
OTU550	0	0	0	0	0	0	7	0	0	0	0	0	0	0	0	0	0	0	0	0	3	0	1	0	0	0
OTU551	0	0	0	0	0	0	0	3	0	0	0	0	0	0	0	0	0	0	0	0	0	0	0	0	0	0
OTU552	0	0	0	0	0	0	0	4	0	0	0	0	0	0	0	0	0	0	0	0	0	0	0	0	0	0
OTU553	6	1	0	27	4	4	1	0	251	0	0	0	0	0	241	0	0	0	2	74	4	12	11	0	0	0
OTU554	1	0	0	3	0	0	0	0	77	0	0	0	0	0	6	0	0	1	0	2	0	0	3	0	0	0
OTU555	0	0	0	0	0	0	0	0	0	0	0	0	0	4	0	0	0	0	0	0	0	0	0	0	0	0
OTU556	0	0	0	0	0	0	0	0	0	0	0	0	0	0	0	0	3	0	0	0	0	0	0	0	0	0
OTU557	0	0	0	0	0	4	3	0	0	0	0	0	0	0	0	0	0	0	0	0	2	1	2	0	0	0
OTU558	0	13	0	0	60	1	0	0	0	0	2	0	0	0	0	0	0	0	0	0	3	2	0	0	0	0
OTU559	0	0	0	0	0	0	0	0	0	0	0	0	0	0	0	0	0	0	0	0	3	0	0	0	0	0
OTU56	1	713	0	203	20	4	0	0	0	0	0	0	0	0	0	0	0	0	0	114	29	0	0	0	0	0
OTU560	0	0	0	3	0	0	0	0	0	0	0	0	0	0	0	0	0	0	0	2	3	0	0	0	0	0
OTU561	0	2	0	0	0	3	0	0	0	0	0	0	0	0	0	0	0	0	0	0	8	3	0	0	0	0
OTU562	0	0	0	0	0	0	1	0	0	0	0	0	0	0	0	0	0	0	0	0	8	0	0	0	0	0
OTU563	1	1	0	0	10	11	2	0	0	0	0	0	0	0	0	0	0	0	0	0	24	3	3	0	0	0
OTU564	0	0	0	0	1	0	0	0	0	0	0	0	0	0	0	0	1	1	0	0	4	0	0	0	0	0
OTU565	1	0	0	0	0	0	0	0	0	0	1	0	0	0	0	0	0	0	0	0	4	0	0	3	0	0
OTU566	0	0	0	0	1	0	1	0	0	0	0	0	0	0	0	0	1	0	0	0	3	0	0	0	0	0
OTU567	0	0	0	0	0	0	0	0	0	0	0	0	0	0	0	0	0	0	0	0	4	0	0	0	0	0
OTU568	0	1	0	0	0	1	0	0	0	0	0	0	0	0	0	0	0	0	0	0	0	3	0	0	0	0
OTU569	0	0	0	0	0	0	2	0	0	0	0	0	0	0	0	0	0	0	0	0	0	0	14	0	1	0
OTU57	27	23	7	91	97	106	89	0	2	0	0	2	5	0	0	0	13	2	4	63	145	63	376	18	8	10
OTU570	0	0	0	0	0	0	0	0	0	0	0	0	0	0	0	0	0	0	0	0	0	0	3	0	0	0
OTU571	0	0	0	0	0	0	0	0	0	0	0	0	0	0	0	0	0	0	0	0	0	0	4	0	0	0
OTU572	0	0	0	0	0	0	0	0	0	0	0	0	0	0	0	0	0	0	0	0	0	0	6	0	0	0
OTU573	1	1	0	0	0	0	0	0	0	0	0	0	0	0	0	0	0	0	0	0	0	0	39	0	0	0
OTU574	0	0	0	0	0	0	1	0	0	0	0	0	0	0	0	0	0	0	0	0	0	0	6	0	0	0
OTU575	0	0	0	0	0	0	0	0	0	0	0	0	0	0	0	0	0	0	0	0	0	0	3	0	0	0
OTU576	18	192	124	271	0	3	355	0	12	0	0	0	0	1	8	0	13	0	93	262	15	3	1011	52	2	0
OTU577	0	0	0	0	0	0	0	0	0	0	0	0	0	0	0	0	0	0	0	0	0	0	3	0	0	0
OTU578	0	0	0	0	0	0	0	0	0	0	0	0	0	0	0	0	0	0	0	0	0	0	3	0	0	0
OTU579	0	0	0	1	0	0	0	0	0	0	0	0	0	0	0	0	0	0	0	1	0	0	5	0	0	0
OTU58	0	326	0	0	0	0	0	0	0	0	0	0	0	0	0	0	0	0	0	0	0	0	0	0	0	0
OTU580	0	0	0	0	0	0	0	0	0	0	0	0	0	0	0	0	0	0	0	0	0	0	5	0	0	0
OTU581	0	0	0	0	0	0	0	0	0	0	0	0	0	0	0	0	0	0	0	0	0	0	8	0	0	0
OTU582	0	0	0	0	0	0	0	0	0	0	0	0	0	0	0	0	0	0	0	0	0	0	4	0	0	0
OTU583	0	0	0	0	0	0	0	0	0	0	0	0	0	0	0	0	0	0	0	0	0	0	3	0	0	0
OTU584	0	0	0	0	0	0	0	0	0	0	0	0	0	0	0	0	0	0	0	0	0	0	0	3	0	0
OTU585	0	0	0	0	0	0	0	0	0	0	0	0	0	0	0	0	0	0	1	0	0	0	0	0	2	3
OTU586	6	2	1	0	8	1	5	0	0	0	0	0	0	0	0	0	1	2	0	1	3	1	6	0	0	0
OTU587	4	5	0	0	35	1	3	0	0	0	0	0	0	0	0	0	0	1	0	0	52	0	0	3	0	0
OTU588	2	0	0	0	0	0	0	0	0	0	0	0	0	0	0	0	0	0	0	0	0	0	0	0	0	0
OTU589	3	0	0	0	0	0	0	0	0	0	0	0	0	0	0	0	0	0	0	0	0	0	0	0	0	0
OTU59	0	112	0	1	1	4	0	0	0	0	0	0	0	0	0	0	0	0	0	2	191	3	0	0	0	0
OTU590	3	0	0	0	0	0	0	0	0	0	0	0	0	0	0	0	0	0	0	0	0	0	0	0	0	0
OTU591	2	0	0	0	0	0	0	0	0	0	0	0	0	0	0	0	0	0	0	0	1	0	0	0	0	0
OTU592	2	0	0	0	0	0	0	0	0	0	0	0	0	0	0	0	0	0	0	0	0	0	0	0	0	0
OTU593	1	0	0	0	0	3	0	0	0	0	0	0	0	0	0	0	1	0	0	0	0	0	0	0	0	0
OTU594	0	50	0	8	0	0	0	0	0	0	0	0	0	0	0	0	0	0	0	3	0	0	0	0	0	0
OTU595	0	1	0	3	0	1	0	0	0	0	0	0	0	0	0	0	0	0	0	14	0	2	0	0	0	0
OTU596	0	3	0	0	0	0	0	0	0	0	0	0	0	0	0	0	0	0	0	0	0	2	0	0	0	0
OTU597	0	4	0	0	0	0	0	0	0	0	0	0	0	0	0	0	0	0	0	0	0	0	0	0	0	0
OTU598	0	4	0	0	0	1	0	0	0	0	0	0	0	0	0	0	0	0	0	0	0	1	0	0	0	0
OTU599	0	2	0	0	0	1	0	0	0	0	0	0	0	0	0	0	0	1	0	0	0	1	0	0	0	0
OTU6	515	261	13283	1491	1013	15220	9583	115	9461	1	297	32494	33725	0	6794	1	19	3579	15316	991	852	22545	11907	3771	31079	31377
OTU60	0	7	3	138	9	213	1	0	0	0	0	0	3	0	0	0	0	0	1	77	8	119	0	0	1	0
OTU600	0	10	0	0	0	2	0	0	0	0	0	0	0	0	0	0	0	0	0	0	0	0	0	0	0	0
OTU601	0	260	0	6	1	0	0	0	0	0	0	0	0	0	0	0	0	0	0	2	0	0	0	0	0	0
OTU602	0	2	0	0	0	0	0	0	0	0	0	0	0	0	0	0	0	0	0	0	0	0	0	0	0	0
OTU603	0	1	0	1	0	0	0	0	0	0	0	0	0	0	0	0	0	0	0	0	0	0	0	0	0	0
OTU604	0	2	0	0	0	0	0	0	0	0	0	0	0	0	0	0	0	0	0	0	0	0	0	0	0	0
OTU605	0	3	0	0	0	0	0	0	0	0	0	0	0	0	0	0	0	0	0	1	0	0	0	0	0	0
OTU606	0	3	0	4	0	0	0	0	0	0	0	0	0	0	0	0	0	1	0	0	0	0	0	0	0	0
OTU607	0	2	0	0	2	0	0	0	0	0	0	0	0	0	0	0	0	0	0	0	0	0	0	0	0	0
OTU608	0	4	0	0	0	0	0	0	0	0	0	0	0	0	0	0	0	0	0	0	0	0	0	0	0	0
OTU609	0	2	0	0	0	1	0	0	0	0	0	0	0	0	0	0	0	0	0	0	0	0	0	0	0	0
OTU61	0	21	0	4	4	1	95	0	0	0	0	0	0	0	0	0	0	1	1	0	7	2	387	0	0	0
OTU610	0	3	0	0	0	0	0	0	0	0	0	0	0	0	0	0	0	0	0	0	0	0	0	0	0	0
OTU611	0	1	0	0	0	3	0	0	0	0	0	0	0	0	0	0	0	0	0	0	0	2	0	0	0	0
OTU612	0	2	0	0	0	0	0	0	0	0	0	0	0	0	0	0	0	0	0	0	0	0	0	0	0	0
OTU613	95	308	2	1	28	10	1241	0	1	0	14	107	0	0	1	0	33	803	2	2	61	2	6000	0	236	0
OTU614	0	6	0	0	0	0	0	0	0	0	0	0	0	0	0	0	0	0	0	0	0	0	0	0	0	0
OTU615	0	3	0	1	1	0	0	0	0	0	0	0	0	0	0	0	0	0	0	1	0	0	0	0	0	0
OTU616	0	12	0	29	2	0	0	0	0	0	0	0	0	0	0	0	0	0	1	24	0	0	0	8	0	0
OTU617	0	5	0	1	0	0	0	0	0	0	0	0	0	0	0	0	0	0	0	0	0	0	0	0	0	0
OTU618	0	2	0	0	0	0	0	0	0	0	0	0	0	0	0	0	0	0	0	0	0	0	0	0	0	0
OTU619	0	3	0	0	0	0	0	0	0	0	0	0	0	0	0	0	0	0	0	0	0	0	0	0	0	0
OTU62	0	1	833	2	0	0	465	5	0	0	2	0	0	0	0	0	0	0	416	0	0	2	44	245	0	0
OTU620	0	0	1	0	0	1	0	0	0	0	0	0	0	0	0	0	0	0	0	0	0	0	0	0	0	0
OTU621	0	0	1	0	0	0	5	0	0	0	0	0	0	0	0	0	0	0	0	0	0	1	0	0	0	0
OTU622	0	2	0	6	0	0	0	0	0	0	0	0	0	0	0	0	0	0	0	2	0	0	0	0	0	0
OTU623	0	0	0	19	0	1	0	0	0	0	0	0	0	0	0	0	0	0	0	27	0	0	0	0	0	0
OTU624	6	5	0	161	4	6	0	0	0	0	0	0	0	0	0	0	0	0	0	91	12	3	0	0	0	0
OTU625	1	1	0	4	0	0	0	0	0	0	0	0	0	0	0	0	0	0	0	2	0	0	0	0	0	0
OTU626	2	1	0	109	1	6	0	0	0	0	0	0	0	0	0	0	0	0	0	48	0	2	0	0	0	0
OTU627	0	0	0	13	0	1	0	0	0	0	0	0	0	0	0	0	0	0	0	14	0	0	0	0	0	0
OTU628	0	0	0	3	0	0	0	0	0	0	0	0	0	0	0	0	0	0	0	11	0	0	0	0	0	0
OTU629	1	0	0	71	0	0	0	0	0	0	0	0	0	0	0	0	0	0	0	39	0	0	0	0	0	0
OTU63	16	27	0	2	70	9	18	0	0	0	5	0	0	0	0	0	4	2	1	0	226	4	34	0	0	0
OTU630	0	0	0	1	0	0	0	0	0	0	0	0	0	0	0	0	0	4	0	0	0	0	0	0	0	0
OTU631	0	1	0	18	0	0	0	0	0	0	0	0	0	0	0	0	0	0	0	17	5	1	0	0	0	0
OTU632	0	0	0	13	0	0	0	0	0	0	0	0	0	0	0	0	0	0	0	8	0	0	0	0	0	0
OTU633	0	2	0	2	0	0	0	0	0	0	0	0	0	0	0	0	0	0	0	3	0	0	0	0	0	0
OTU634	0	0	0	10	3	2	1	0	0	0	0	1	0	0	0	0	0	1	1	12	9	7	11	0	0	0
OTU635	0	0	0	2	0	0	0	0	0	0	0	0	0	0	0	0	0	0	0	0	0	0	0	0	0	0
OTU636	1	0	0	0	3	2	0	0	0	0	0	0	0	0	0	0	0	1	0	0	0	0	3	0	0	0
OTU637	0	0	0	0	2	0	0	0	0	0	0	0	0	0	0	0	0	0	0	0	0	0	0	0	0	0
OTU638	2	0	0	0	5	5	1	0	0	0	0	0	0	0	1	0	1	0	0	0	11	4	0	0	0	0
OTU639	0	0	0	0	1	0	0	0	0	0	0	0	0	0	0	0	0	0	0	0	0	1	2	0	0	0
OTU64	6	266	0	0	0	0	0	0	0	0	0	2	0	0	0	0	2	1	0	1	7	0	0	0	1	0
OTU640	1	0	0	0	10	11	0	0	0	0	0	0	0	0	0	0	1	0	0	0	15	7	6	0	0	0
OTU641	0	0	0	0	0	3	0	0	0	0	0	0	0	0	0	0	0	0	0	0	0	0	0	0	0	0
OTU642	0	0	0	0	0	3	0	0	0	0	0	0	0	0	0	0	0	0	0	0	0	0	0	0	0	0
OTU643	0	0	0	0	0	2	0	0	0	0	0	0	0	0	0	0	0	0	0	0	0	2	0	0	0	0
OTU644	0	0	0	0	1	3	0	0	0	0	0	0	0	0	0	0	0	0	0	0	0	1	0	0	0	0
OTU645	0	0	0	0	0	2	0	0	0	0	0	0	0	0	0	0	0	0	0	0	0	0	0	0	0	0
OTU646	0	4	0	0	0	1	0	0	0	0	0	0	0	0	0	0	0	0	0	0	0	1	0	0	0	0
OTU647	0	0	0	1	0	2	0	0	0	0	0	0	0	0	0	0	0	0	0	2	0	3	0	0	0	0
OTU648	0	1	0	0	0	4	0	0	0	0	0	0	0	0	0	0	1	0	0	0	0	0	0	0	0	0
OTU649	1	0	0	0	1	4	0	0	0	0	0	0	0	0	0	0	0	5	0	0	3	0	11	0	0	1
OTU65	1	61	0	546	9	9	0	0	0	0	0	0	0	0	0	0	0	0	0	440	436	6	0	0	0	0
OTU650	2	10	0	5	2	11	0	0	0	0	0	0	0	0	0	0	0	1	0	0	3	1	0	0	0	0
OTU651	0	0	0	0	0	0	1	0	0	0	0	0	0	0	0	0	0	0	0	0	0	0	2	0	0	0
OTU652	0	0	0	0	0	0	2	0	0	0	0	0	0	0	0	0	0	0	0	0	0	0	0	0	0	0
OTU653	0	0	0	0	0	0	4	0	0	0	0	0	0	0	0	0	0	0	1	0	0	0	0	0	0	0
OTU654	1	0	0	0	0	0	2	0	0	0	0	0	0	0	0	0	0	0	0	0	0	0	0	0	0	0
OTU655	0	0	1	0	0	1	2	0	0	0	0	0	0	0	0	0	0	0	1	0	0	0	0	0	0	0
OTU656	0	0	0	0	0	0	3	0	0	0	0	0	0	0	0	0	0	0	0	0	0	0	0	0	0	0
OTU657	0	1	0	0	0	0	2	0	0	0	0	0	0	0	0	0	0	0	0	0	0	0	0	0	0	0
OTU658	0	0	0	0	0	0	2	0	0	0	0	0	0	0	0	0	0	0	0	0	0	0	0	0	0	0
OTU659	0	0	0	0	0	0	3	0	0	0	0	0	0	0	1	0	1	0	0	0	0	0	0	0	0	0
OTU66	0	25	0	15	161	8	0	0	0	0	0	0	0	0	0	0	0	0	0	6	333	1	0	0	0	0
OTU660	0	0	0	0	0	0	2	0	0	0	0	0	0	0	0	0	0	0	0	0	0	0	1	0	0	0
OTU661	0	0	0	0	0	0	2	0	0	0	0	0	0	0	0	0	0	0	0	0	2	0	0	0	0	0
OTU662	0	0	1	0	0	0	2	0	0	0	0	0	0	0	0	0	0	0	1	0	0	0	0	0	0	0
OTU663	0	0	0	0	0	0	2	0	0	0	0	0	0	0	0	0	0	0	0	0	0	0	0	0	0	0
OTU664	0	0	0	0	0	0	1	0	0	0	0	0	0	0	0	0	0	0	0	0	0	0	1	0	0	0
OTU665	0	0	0	0	0	0	2	0	0	0	0	0	0	0	0	0	0	0	0	0	0	0	0	0	0	0
OTU666	0	0	0	0	0	0	2	0	0	0	0	0	0	0	0	0	0	0	0	0	0	0	0	0	0	0
OTU667	0	0	0	0	0	0	4	0	0	0	0	0	0	0	0	0	0	0	0	0	0	0	4	0	0	0
OTU668	0	0	0	0	0	0	0	0	3	0	0	0	0	0	0	0	0	0	0	0	0	0	0	0	0	0
OTU669	0	0	0	0	0	0	0	0	3	0	0	0	0	0	0	0	0	0	0	0	0	0	0	0	0	0
OTU67	0	14	0	7	20	8	0	0	0	0	0	0	0	0	0	0	0	1	0	9	281	7	0	0	0	0
OTU670	0	0	0	0	0	0	0	0	0	3	0	0	0	0	0	0	0	0	0	0	0	0	0	0	0	0
OTU671	0	0	0	0	0	0	0	0	0	0	3	0	0	0	0	0	0	0	0	0	0	0	0	0	0	0
OTU672	1	10	0	0	2	0	4	0	0	0	4	21	0	3	0	0	45	15	0	0	3	0	4	12	44	0
OTU673	0	0	0	0	0	0	0	0	0	0	0	2	0	0	0	0	0	0	0	0	0	0	0	0	1	0
OTU674	0	0	0	0	0	0	0	0	0	0	0	0	0	0	2	0	0	0	0	0	0	0	0	0	0	0
OTU675	0	0	0	0	0	0	0	0	0	5	0	0	0	0	0	14	0	0	0	0	0	0	0	0	0	0
OTU676	0	0	0	0	0	0	0	0	0	0	0	0	0	0	0	0	0	6	0	0	0	0	0	0	0	0
OTU677	0	1	40	58	0	0	15	0	0	48	0	0	0	0	0	26	0	0	25	19	1	0	5	0	0	0
OTU678	1	0	4	7	8	13	4	0	0	0	0	0	0	0	0	0	0	0	4	15	28	3	10	0	0	0
OTU679	0	11	0	34	0	1	0	0	0	0	0	0	0	0	0	0	0	0	0	26	1	0	0	0	0	0
OTU68	0	7	0	1	32	2	0	0	0	0	0	0	0	0	0	0	0	0	0	0	185	0	0	0	0	0
OTU680	0	31	0	19	0	0	0	0	0	0	0	0	0	0	0	0	0	0	0	10	0	0	0	0	0	0
OTU681	0	0	0	20	0	0	0	0	0	0	0	0	0	0	0	0	0	0	0	41	0	0	0	0	0	0
OTU682	0	0	0	21	0	0	0	0	0	0	0	0	0	0	0	0	0	0	0	44	0	1	0	0	0	0
OTU683	0	0	0	0	0	0	0	0	0	0	0	0	0	0	0	0	0	0	0	2	0	0	0	0	0	0
OTU684	0	0	0	107	0	0	0	0	0	0	0	0	0	0	0	0	0	0	0	183	0	0	0	0	0	0
OTU685	0	0	0	166	0	0	0	0	0	0	0	0	0	0	0	0	0	0	0	323	0	0	0	0	0	0
OTU686	0	0	0	0	0	0	0	0	0	0	0	0	0	0	0	0	0	0	0	2	0	0	0	0	0	0
OTU687	0	0	1	61	0	1	0	0	0	0	0	0	0	0	4	0	0	0	0	112	4	0	3	0	0	0
OTU688	1	0	0	0	0	0	1	0	0	0	0	0	0	0	0	0	0	0	0	0	5	0	1	0	0	0
OTU689	0	0	0	0	0	0	1	0	0	0	0	0	0	0	0	0	0	0	0	0	3	0	3	0	0	0
OTU69	2685	2486	48	573	224	0	155	185	3706	0	559	6016	0	852	130	0	499	13264	43	328	483	0	871	119	1568	3
OTU690	0	0	0	0	9	3	0	0	0	0	0	0	0	0	0	0	0	0	0	3	96	1	1	0	0	0
OTU691	0	0	0	0	0	0	0	0	0	0	0	0	0	0	0	0	0	0	0	0	3	0	0	0	0	0
OTU692	0	0	0	0	0	0	0	0	0	0	0	0	0	0	0	0	0	0	0	0	4	0	0	0	0	0
OTU693	0	0	0	0	0	0	0	0	0	0	0	0	0	0	0	0	0	0	0	0	2	0	0	0	0	0
OTU694	0	0	0	0	0	0	0	0	0	0	0	0	0	0	0	0	0	0	0	0	2	0	0	0	0	0
OTU695	2	2	0	0	24	5	0	0	0	0	0	0	0	0	0	0	0	0	0	0	73	0	0	0	0	0
OTU696	1	1	1	0	3	0	0	0	0	0	0	0	0	0	0	0	0	0	0	0	19	0	0	0	0	0
OTU697	0	0	0	0	2	0	0	0	0	0	0	0	0	0	0	0	0	1	0	0	21	1	0	0	0	0
OTU698	0	0	0	0	0	0	0	0	0	0	0	0	0	0	0	0	0	0	0	0	3	0	0	0	0	0
OTU699	0	0	0	0	0	0	0	0	0	0	0	0	0	0	0	0	0	0	0	0	2	0	0	0	0	0
OTU7	1501	487	12	0	6	0	12	0	0	0	52270	67	0	10	0	0	30138	205	8	0	1	0	0	59600	66	0
OTU70	0	0	0	1	0	254	1	0	4	0	0	0	0	0	1	0	0	0	0	0	0	194	11	0	0	0
OTU700	0	0	0	0	2	0	0	0	0	0	0	0	0	0	0	0	0	0	0	0	4	0	0	0	0	0
OTU701	0	0	0	0	1	1	2	0	0	0	0	0	0	0	0	0	0	0	0	0	2	0	0	0	0	0
OTU702	0	0	0	0	0	3	0	0	0	0	0	0	0	0	0	0	0	0	0	0	0	19	0	0	0	0
OTU703	0	0	0	9	1	14	0	0	0	0	0	0	0	0	0	0	0	0	0	10	0	46	0	0	0	0
OTU704	0	0	0	0	0	74	1	0	0	0	0	0	0	0	0	0	1	0	1	0	0	44	0	0	0	0
OTU705	0	0	0	0	0	1	0	0	0	0	0	0	0	0	0	0	0	0	0	0	0	2	1	0	0	0
OTU706	0	0	0	0	0	7	0	0	0	0	0	0	0	0	0	0	0	0	0	0	0	8	0	0	0	0
OTU707	0	0	0	0	0	27	0	0	0	0	0	0	0	0	0	0	0	0	0	0	0	78	0	0	0	0
OTU708	0	0	96	2	1	228	2	0	8	0	0	0	1	0	11	0	0	0	158	2	0	490	0	1	0	0
OTU709	0	0	0	0	0	0	3	0	0	0	0	0	0	0	0	1	0	0	0	0	0	0	72	0	0	0
OTU71	166	84	0	0	137	0	0	0	0	0	0	6	0	0	0	0	2	3	0	0	143	0	0	0	12	0
OTU710	0	0	0	0	0	0	0	0	0	0	0	0	0	0	0	0	0	0	0	0	0	0	2	0	0	0
OTU711	0	0	0	0	0	0	0	0	0	0	0	0	0	0	0	0	0	0	0	0	0	0	2	0	0	0
OTU712	0	0	0	2	0	0	2	0	58	0	0	0	0	0	44	0	0	0	0	1	0	0	45	0	0	0
OTU713	0	0	0	0	0	0	0	0	0	0	0	0	0	0	0	0	0	0	0	0	0	0	2	0	0	0
OTU714	0	0	0	0	0	0	0	0	0	0	0	0	0	0	0	0	0	0	0	0	0	0	3	0	0	0
OTU715	0	0	0	0	0	0	0	0	0	0	0	0	0	0	0	0	0	0	0	0	0	0	2	0	0	0
OTU716	0	0	0	0	0	0	0	0	0	0	0	0	0	0	0	0	0	0	0	0	0	0	4	0	0	0
OTU717	0	0	2	0	0	1	3	0	0	0	0	0	0	0	0	0	0	0	0	0	0	1	12	0	0	0
OTU718	0	0	1	0	0	0	0	0	0	0	0	0	0	0	0	0	0	0	0	0	0	0	2	0	0	0
OTU719	0	0	0	0	0	0	0	0	0	0	0	0	0	0	0	0	0	0	0	0	0	0	3	0	0	0
OTU72	72	10	2	1	85	335	10	0	0	44	17	0	0	4	0	32	4	0	0	0	199	152	63	0	1	0
OTU720	0	1	0	0	0	0	0	0	0	0	0	0	0	0	0	0	0	0	0	0	0	0	3	0	0	0
OTU721	0	0	0	0	0	0	0	0	0	0	0	0	0	0	2	0	0	0	0	0	0	0	4	0	0	0
OTU722	59	14	3	26	10	3	92	0	4	3	0	0	0	0	6	0	6	1	4	31	22	4	1080	6	0	0
OTU723	0	0	0	0	0	0	0	0	0	0	0	0	0	0	0	0	0	0	0	0	0	0	3	0	0	0
OTU724	0	0	0	0	0	0	0	0	0	0	0	0	0	0	0	0	0	0	0	0	0	0	4	0	0	0
OTU725	0	0	0	0	1	0	0	0	0	0	0	0	0	0	0	0	0	0	0	0	0	0	2	0	0	0
OTU726	0	0	0	0	0	0	0	0	0	0	0	0	0	0	0	0	0	0	0	0	0	0	2	0	0	0
OTU727	0	0	0	0	0	0	1	0	0	0	0	0	0	0	0	0	0	0	0	0	0	0	2	0	0	0
OTU728	0	0	0	0	0	0	0	0	0	0	0	0	0	0	0	0	0	0	0	0	0	0	3	0	0	0
OTU729	0	0	0	0	0	0	0	0	0	0	0	0	0	0	0	0	0	0	0	0	0	0	2	0	0	0
OTU73	2	0	0	236	0	0	0	1	0	0	0	19	0	0	0	0	0	0	0	73	1	0	0	0	15	0
OTU730	0	0	0	0	0	0	0	0	0	0	0	0	0	0	0	0	0	0	0	0	0	0	2	0	0	0
OTU731	0	0	2	0	0	0	16	0	0	0	0	0	0	0	0	0	0	0	0	0	0	1	135	0	0	0
OTU732	0	0	0	0	0	1	1	0	0	0	0	0	0	0	1	0	0	0	0	0	0	0	5	0	0	0
OTU733	0	0	0	0	0	0	0	0	0	0	0	0	0	0	0	0	0	0	0	0	0	0	3	0	0	0
OTU734	0	0	0	0	0	0	0	0	0	0	0	0	0	0	0	0	0	0	0	0	0	0	3	0	0	0
OTU735	0	0	0	0	0	0	0	0	0	0	0	0	0	0	0	0	0	0	0	0	0	0	0	3	0	0
OTU736	0	0	0	0	0	0	1	0	0	0	0	0	0	0	0	0	0	0	0	0	0	0	0	0	2	0
OTU74	1	108	0	0	17	12	0	0	0	0	0	0	0	0	0	0	0	0	0	0	162	4	0	0	0	0
OTU75	0	198	0	0	2	9	0	0	0	0	0	0	0	0	0	0	0	0	0	0	0	8	0	0	0	0
OTU76	5	0	1	1	54	27	27	0	0	0	14	0	0	0	0	0	0	0	0	0	93	19	46	0	0	0
OTU77	0	0	0	124	2	52	0	0	0	0	0	0	0	0	0	0	0	0	0	4	0	18	8	0	0	1
OTU78	1	4	8	0	7	52	972	0	29	69	0	6256	3254	0	20	58	1	22	10	1	7	33	3863	30	8962	7202
OTU79	0	0	0	0	73	4	2	0	0	0	0	0	0	0	0	0	0	1	0	0	95	1	0	0	0	0
OTU8	15	5	0	2	9	2	258	9492	1	1	1	49	15	20700	0	2	4636	20	1	0	1	1	1180	0	106	21
OTU80	0	0	0	0	0	5	0	0	0	0	0	0	0	0	0	0	0	0	0	0	198	3	0	0	0	0
OTU81	1	36	2	6	175	44	5	0	0	0	0	0	0	0	0	0	0	1	2	1	6	16	6	3	0	0
OTU82	354	0	0	0	0	0	0	0	0	0	2	0	0	0	0	0	0	10	0	0	0	0	0	0	0	0
OTU83	0	5	0	0	102	12	0	0	0	0	0	0	0	0	0	0	0	0	0	0	162	1	0	0	0	0
OTU84	0	79	0	2	1	0	0	0	0	0	0	0	0	0	0	0	0	0	0	5	149	0	0	0	0	0
OTU85	1	60	0	2	28	50	0	0	0	0	0	0	0	0	0	0	0	1	0	4	224	12	0	0	0	0
OTU86	0	72	0	523	0	0	0	0	0	0	0	0	0	0	0	0	0	0	0	464	0	0	0	0	0	0
OTU87	3	0	0	0	24	0	0	23	0	0	20	1	0	19	0	0	1	0	0	0	40	0	0	20	6	6
OTU88	3	2	0	88	8	0	0	0	0	0	5	0	0	0	0	0	0	85	0	75	0	0	0	0	0	0
OTU89	6	55	3	284	2	0	2	0	0	0	0	0	0	0	0	0	0	0	1	209	0	0	0	0	0	0
OTU9	3	0	3	27	2	23400	83	4	26	0	24	0	4	0	21	0	0	0	1	7	0	21245	111	0	0	9
OTU90	0	202	0	0	0	0	0	0	0	0	0	0	0	0	0	0	0	0	0	0	15	0	0	0	0	0
OTU91	0	0	0	176	4	13	17	0	0	0	0	0	1	0	0	0	0	0	2	110	0	11	110	0	0	4
OTU92	0	129	0	1	0	7	0	0	0	0	0	0	0	0	0	0	0	0	0	2	0	2	0	0	0	0
OTU93	58	2	0	0	7	43	12	0	0	0	0	0	0	0	0	0	1	2	0	0	42	44	5	0	1	3
OTU94	0	14	2	12	0	137	0	0	0	0	0	0	0	0	0	0	0	0	0	2	0	91	0	0	0	0
OTU95	0	141	0	36	0	0	0	0	0	0	0	0	0	0	0	0	0	0	0	17	0	0	0	0	0	0
OTU96	0	0	0	821	1	0	0	0	0	0	0	0	0	0	0	0	0	0	0	1355	0	0	0	0	0	0
OTU97	0	238	0	0	4	0	0	0	0	0	0	0	0	0	0	0	0	0	0	0	20	0	0	0	0	0
OTU98	0	135	0	7	0	0	0	0	0	0	0	0	0	0	0	0	0	2	0	1	0	1	0	0	0	0
OTU99	3	0	3	50	1	2	27	0	2	76	0	0	0	0	0	85	1	0	0	65	1	1	117	0	0	0
